     -1.0000      -1.0000      -1.9037
     -1.0000      -0.8750      -1.8910
     -1.0000      -0.7500      -1.9040
     -1.0000      -0.6250      -1.8899
     -1.0000      -0.5000      -1.9037
     -1.0000      -0.3750      -1.8898
     -1.0000      -0.2500      -1.9037
     -1.0000      -0.1250      -1.8898
     -1.0000       0.0000      -1.9037
     -1.0000       0.1250      -1.8898
     -1.0000       0.2500      -1.9037
     -1.0000       0.3750      -1.8898
     -1.0000       0.5000      -1.9037
     -1.0000       0.6250      -1.8899
     -1.0000       0.7500      -1.9040
     -1.0000       0.8750      -1.8910
     -1.0000       1.0000      -1.9037
     -0.8750      -1.0000      -1.8605
     -0.8750      -0.8750      -1.8506
     -0.8750      -0.7500      -1.8605
     -0.8750      -0.6250      -1.8504
     -0.8750      -0.5000      -1.8603
     -0.8750      -0.3750      -1.8504
     -0.8750      -0.2500      -1.8603
     -0.8750      -0.1250      -1.8503
     -0.8750       0.0000      -1.8602
     -0.8750       0.1250      -1.8503
     -0.8750       0.2500      -1.8603
     -0.8750       0.3750      -1.8504
     -0.8750       0.5000      -1.8603
     -0.8750       0.6250      -1.8504
     -0.8750       0.7500      -1.8605
     -0.8750       0.8750      -1.8506
     -0.8750       1.0000      -1.8605
     -0.7500      -1.0000      -1.7271
     -0.7500      -0.8750      -1.7202
     -0.7500      -0.7500      -1.7271
     -0.7500      -0.6250      -1.7211
     -0.7500      -0.5000      -1.7270
     -0.7500      -0.3750      -1.7211
     -0.7500      -0.2500      -1.7270
     -0.7500      -0.1250      -1.7210
     -0.7500       0.0000      -1.7269
     -0.7500       0.1250      -1.7210
     -0.7500       0.2500      -1.7270
     -0.7500       0.3750      -1.7211
     -0.7500       0.5000      -1.7270
     -0.7500       0.6250      -1.7211
     -0.7500       0.7500      -1.7271
     -0.7500       0.8750      -1.7202
     -0.7500       1.0000      -1.7271
     -0.6250      -1.0000      -1.5557
     -0.6250      -0.8750      -1.5503
     -0.6250      -0.7500      -1.5557
     -0.6250      -0.6250      -1.5517
     -0.6250      -0.5000      -1.5556
     -0.6250      -0.3750      -1.5517
     -0.6250      -0.2500      -1.5556
     -0.6250      -0.1250      -1.5516
     -0.6250       0.0000      -1.5556
     -0.6250       0.1250      -1.5516
     -0.6250       0.2500      -1.5556
     -0.6250       0.3750      -1.5517
     -0.6250       0.5000      -1.5556
     -0.6250       0.6250      -1.5517
     -0.6250       0.7500      -1.5557
     -0.6250       0.8750      -1.5503
     -0.6250       1.0000      -1.5557
     -0.5000      -1.0000      -1.3052
     -0.5000      -0.8750      -1.3014
     -0.5000      -0.7500      -1.3052
     -0.5000      -0.6250      -1.3032
     -0.5000      -0.5000      -1.3052
     -0.5000      -0.3750      -1.3032
     -0.5000      -0.2500      -1.3052
     -0.5000      -0.1250      -1.3032
     -0.5000       0.0000      -1.3052
     -0.5000       0.1250      -1.3032
     -0.5000       0.2500      -1.3052
     -0.5000       0.3750      -1.3032
     -0.5000       0.5000      -1.3052
     -0.5000       0.6250      -1.3032
     -0.5000       0.7500      -1.3052
     -0.5000       0.8750      -1.3014
     -0.5000       1.0000      -1.3052
     -0.3750      -1.0000      -1.0310
     -0.3750      -0.8750      -1.0282
     -0.3750      -0.7500      -1.0310
     -0.3750      -0.6250      -1.0298
     -0.3750      -0.5000      -1.0310
     -0.3750      -0.3750      -1.0298
     -0.3750      -0.2500      -1.0310
     -0.3750      -0.1250      -1.0298
     -0.3750       0.0000      -1.0310
     -0.3750       0.1250      -1.0298
     -0.3750       0.2500      -1.0310
     -0.3750       0.3750      -1.0298
     -0.3750       0.5000      -1.0310
     -0.3750       0.6250      -1.0298
     -0.3750       0.7500      -1.0310
     -0.3750       0.8750      -1.0282
     -0.3750       1.0000      -1.0310
     -0.2500      -1.0000      -0.7016
     -0.2500      -0.8750      -0.6998
     -0.2500      -0.7500      -0.7015
     -0.2500      -0.6250      -0.7011
     -0.2500      -0.5000      -0.7015
     -0.2500      -0.3750      -0.7012
     -0.2500      -0.2500      -0.7015
     -0.2500      -0.1250      -0.7012
     -0.2500       0.0000      -0.7015
     -0.2500       0.1250      -0.7012
     -0.2500       0.2500      -0.7015
     -0.2500       0.3750      -0.7012
     -0.2500       0.5000      -0.7015
     -0.2500       0.6250      -0.7011
     -0.2500       0.7500      -0.7015
     -0.2500       0.8750      -0.6998
     -0.2500       1.0000      -0.7016
     -0.1250      -1.0000      -0.3607
     -0.1250      -0.8750      -0.3598
     -0.1250      -0.7500      -0.3606
     -0.1250      -0.6250      -0.3605
     -0.1250      -0.5000      -0.3607
     -0.1250      -0.3750      -0.3605
     -0.1250      -0.2500      -0.3607
     -0.1250      -0.1250      -0.3605
     -0.1250       0.0000      -0.3607
     -0.1250       0.1250      -0.3605
     -0.1250       0.2500      -0.3607
     -0.1250       0.3750      -0.3605
     -0.1250       0.5000      -0.3607
     -0.1250       0.6250      -0.3605
     -0.1250       0.7500      -0.3606
     -0.1250       0.8750      -0.3598
     -0.1250       1.0000      -0.3607
      0.0000      -1.0000       0.0000
      0.0000      -0.8750       0.0000
      0.0000      -0.7500       0.0000
      0.0000      -0.6250       0.0000
      0.0000      -0.5000       0.0000
      0.0000      -0.3750       0.0000
      0.0000      -0.2500       0.0000
      0.0000      -0.1250       0.0000
      0.0000       0.0000       0.0000
      0.0000       0.1250       0.0000
      0.0000       0.2500       0.0000
      0.0000       0.3750       0.0000
      0.0000       0.5000       0.0000
      0.0000       0.6250       0.0000
      0.0000       0.7500       0.0000
      0.0000       0.8750       0.0000
      0.0000       1.0000       0.0000
      0.1250      -1.0000       0.3607
      0.1250      -0.8750       0.3598
      0.1250      -0.7500       0.3606
      0.1250      -0.6250       0.3605
      0.1250      -0.5000       0.3607
      0.1250      -0.3750       0.3605
      0.1250      -0.2500       0.3607
      0.1250      -0.1250       0.3605
      0.1250       0.0000       0.3607
      0.1250       0.1250       0.3605
      0.1250       0.2500       0.3607
      0.1250       0.3750       0.3605
      0.1250       0.5000       0.3607
      0.1250       0.6250       0.3605
      0.1250       0.7500       0.3606
      0.1250       0.8750       0.3598
      0.1250       1.0000       0.3607
      0.2500      -1.0000       0.7016
      0.2500      -0.8750       0.6998
      0.2500      -0.7500       0.7015
      0.2500      -0.6250       0.7011
      0.2500      -0.5000       0.7015
      0.2500      -0.3750       0.7012
      0.2500      -0.2500       0.7015
      0.2500      -0.1250       0.7012
      0.2500       0.0000       0.7015
      0.2500       0.1250       0.7012
      0.2500       0.2500       0.7015
      0.2500       0.3750       0.7012
      0.2500       0.5000       0.7015
      0.2500       0.6250       0.7011
      0.2500       0.7500       0.7015
      0.2500       0.8750       0.6998
      0.2500       1.0000       0.7016
      0.3750      -1.0000       1.0310
      0.3750      -0.8750       1.0282
      0.3750      -0.7500       1.0310
      0.3750      -0.6250       1.0298
      0.3750      -0.5000       1.0310
      0.3750      -0.3750       1.0298
      0.3750      -0.2500       1.0310
      0.3750      -0.1250       1.0298
      0.3750       0.0000       1.0310
      0.3750       0.1250       1.0298
      0.3750       0.2500       1.0310
      0.3750       0.3750       1.0298
      0.3750       0.5000       1.0310
      0.3750       0.6250       1.0298
      0.3750       0.7500       1.0310
      0.3750       0.8750       1.0282
      0.3750       1.0000       1.0310
      0.5000      -1.0000       1.3052
      0.5000      -0.8750       1.3014
      0.5000      -0.7500       1.3052
      0.5000      -0.6250       1.3032
      0.5000      -0.5000       1.3052
      0.5000      -0.3750       1.3032
      0.5000      -0.2500       1.3052
      0.5000      -0.1250       1.3032
      0.5000       0.0000       1.3052
      0.5000       0.1250       1.3032
      0.5000       0.2500       1.3052
      0.5000       0.3750       1.3032
      0.5000       0.5000       1.3052
      0.5000       0.6250       1.3032
      0.5000       0.7500       1.3052
      0.5000       0.8750       1.3014
      0.5000       1.0000       1.3052
      0.6250      -1.0000       1.5557
      0.6250      -0.8750       1.5503
      0.6250      -0.7500       1.5557
      0.6250      -0.6250       1.5517
      0.6250      -0.5000       1.5556
      0.6250      -0.3750       1.5517
      0.6250      -0.2500       1.5556
      0.6250      -0.1250       1.5516
      0.6250       0.0000       1.5556
      0.6250       0.1250       1.5516
      0.6250       0.2500       1.5556
      0.6250       0.3750       1.5517
      0.6250       0.5000       1.5556
      0.6250       0.6250       1.5517
      0.6250       0.7500       1.5557
      0.6250       0.8750       1.5503
      0.6250       1.0000       1.5557
      0.7500      -1.0000       1.7271
      0.7500      -0.8750       1.7202
      0.7500      -0.7500       1.7271
      0.7500      -0.6250       1.7211
      0.7500      -0.5000       1.7270
      0.7500      -0.3750       1.7211
      0.7500      -0.2500       1.7270
      0.7500      -0.1250       1.7210
      0.7500       0.0000       1.7269
      0.7500       0.1250       1.7210
      0.7500       0.2500       1.7270
      0.7500       0.3750       1.7211
      0.7500       0.5000       1.7270
      0.7500       0.6250       1.7211
      0.7500       0.7500       1.7271
      0.7500       0.8750       1.7202
      0.7500       1.0000       1.7271
      0.8750      -1.0000       1.8605
      0.8750      -0.8750       1.8506
      0.8750      -0.7500       1.8605
      0.8750      -0.6250       1.8504
      0.8750      -0.5000       1.8603
      0.8750      -0.3750       1.8504
      0.8750      -0.2500       1.8603
      0.8750      -0.1250       1.8503
      0.8750       0.0000       1.8602
      0.8750       0.1250       1.8503
      0.8750       0.2500       1.8603
      0.8750       0.3750       1.8504
      0.8750       0.5000       1.8603
      0.8750       0.6250       1.8504
      0.8750       0.7500       1.8605
      0.8750       0.8750       1.8506
      0.8750       1.0000       1.8605
      1.0000      -1.0000       1.9037
      1.0000      -0.8750       1.8910
      1.0000      -0.7500       1.9040
      1.0000      -0.6250       1.8899
      1.0000      -0.5000       1.9037
      1.0000      -0.3750       1.8898
      1.0000      -0.2500       1.9037
      1.0000      -0.1250       1.8898
      1.0000       0.0000       1.9037
      1.0000       0.1250       1.8898
      1.0000       0.2500       1.9037
      1.0000       0.3750       1.8898
      1.0000       0.5000       1.9037
      1.0000       0.6250       1.8899
      1.0000       0.7500       1.9040
      1.0000       0.8750       1.8910
      1.0000       1.0000       1.9037
