226      1.000000      0.750000     -0.125000      1.056531      1.057239
  227      1.000000      0.750000     -0.250000      0.876273      0.876482
  228      1.000000      0.875000     -0.250000      0.876005      0.876482
  229      1.000000      1.000000     -0.250000      0.876289      0.876482
  230      1.000000      1.000000     -0.125000      1.056535      1.057239
  231      1.000000      0.500000     -0.125000      1.056534      1.057239
  232      1.000000      0.500000     -0.250000      0.876289      0.876482
  233      1.000000      0.625000     -0.250000      0.876276      0.876482
  234      1.000000      0.250000     -0.125000      1.056538      1.057239
  235      1.000000      0.250000     -0.250000      0.876296      0.876482
  236      1.000000      0.375000     -0.250000      0.876287      0.876482
  237      1.000000      0.000000     -0.125000      1.056539      1.057239
  238      1.000000      0.000000     -0.250000      0.876298      0.876482
  239      1.000000      0.125000     -0.250000      0.876291      0.876482
  240      1.000000     -0.250000     -0.125000      1.056538      1.057239
  241      1.000000     -0.250000     -0.250000      0.876296      0.876482
  242      1.000000     -0.125000     -0.250000      0.876291      0.876482
  243      1.000000     -0.500000     -0.125000      1.056534      1.057239
  244      1.000000     -0.500000     -0.250000      0.876289      0.876482
  245      1.000000     -0.375000     -0.250000      0.876287      0.876482
  246      1.000000     -0.750000     -0.125000      1.056531      1.057239
  247      1.000000     -0.750000     -0.250000      0.876273      0.876482
  248      1.000000     -0.625000     -0.250000      0.876276      0.876482
  249      1.000000     -1.000000     -0.125000      1.056535      1.057239
  250      1.000000     -1.000000     -0.250000      0.876289      0.876482
  251      1.000000     -0.875000     -0.250000      0.876005      0.876482
  252      1.000000      0.750000     -0.375000      0.726489      0.726629
  253      1.000000      0.750000     -0.500000      0.602298      0.602396
  254      1.000000      0.875000     -0.500000      0.602125      0.602396
  255      1.000000      1.000000     -0.500000      0.602317      0.602396
  256      1.000000      1.000000     -0.375000      0.726511      0.726629
  257      1.000000      0.500000     -0.375000      0.726509      0.726629
  258      1.000000      0.500000     -0.500000      0.602314      0.602396
  259      1.000000      0.625000     -0.500000      0.602306      0.602396
  260      1.000000      0.250000     -0.375000      0.726518      0.726629
  261      1.000000      0.250000     -0.500000      0.602324      0.602396
  262      1.000000      0.375000     -0.500000      0.602319      0.602396
  263      1.000000      0.000000     -0.375000      0.726520      0.726629
  264      1.000000      0.000000     -0.500000      0.602327      0.602396
  265      1.000000      0.125000     -0.500000      0.602325      0.602396
  266      1.000000     -0.250000     -0.375000      0.726518      0.726629
  267      1.000000     -0.250000     -0.500000      0.602324      0.602396
  268      1.000000     -0.125000     -0.500000      0.602325      0.602396
  269      1.000000     -0.500000     -0.375000      0.726509      0.726629
  270      1.000000     -0.500000     -0.500000      0.602314      0.602396
  271      1.000000     -0.375000     -0.500000      0.602319      0.602396
  272      1.000000     -0.750000     -0.375000      0.726489      0.726629
  273      1.000000     -0.750000     -0.500000      0.602298      0.602396
  274      1.000000     -0.625000     -0.500000      0.602306      0.602396
  275      1.000000     -1.000000     -0.375000      0.726511      0.726629
  276      1.000000     -1.000000     -0.500000      0.602317      0.602396
  277      1.000000     -0.875000     -0.500000      0.602125      0.602396
  278      1.000000      0.750000     -0.625000      0.499320      0.499404
  279      1.000000      0.750000     -0.750000      0.413940      0.414021
  280      1.000000      0.875000     -0.750000      0.413814      0.414021
  281      1.000000      1.000000     -0.750000      0.413957      0.414021
  282      1.000000      1.000000     -0.625000      0.499340      0.499404
  283      1.000000      0.500000     -0.625000      0.499338      0.499404
  284      1.000000      0.500000     -0.750000      0.413961      0.414021
  285      1.000000      0.625000     -0.750000      0.413950      0.414021
  286      1.000000      0.250000     -0.625000      0.499348      0.499404
  287      1.000000      0.250000     -0.750000      0.413972      0.414021
  288      1.000000      0.375000     -0.750000      0.413966      0.414021
  289      1.000000      0.000000     -0.625000      0.499351      0.499404
  290      1.000000      0.000000     -0.750000      0.413975      0.414021
  291      1.000000      0.125000     -0.750000      0.413972      0.414021
  292      1.000000     -0.250000     -0.625000      0.499348      0.499404
  293      1.000000     -0.250000     -0.750000      0.413972      0.414021
  294      1.000000     -0.125000     -0.750000      0.413972      0.414021
  295      1.000000     -0.500000     -0.625000      0.499338      0.499404
  296      1.000000     -0.500000     -0.750000      0.413961      0.414021
  297      1.000000     -0.375000     -0.750000      0.413966      0.414021
  298      1.000000     -0.750000     -0.625000      0.499320      0.499404
  299      1.000000     -0.750000     -0.750000      0.413940      0.414021
  300      1.000000     -0.625000     -0.750000      0.413950      0.414021
  301      1.000000     -1.000000     -0.625000      0.499340      0.499404
  302      1.000000     -1.000000     -0.750000      0.413957      0.414021
  303      1.000000     -0.875000     -0.750000      0.413814      0.414021
  304      1.000000      0.750000     -0.875000      0.343070      0.343235
  305      1.000000      0.750000     -1.000000      0.284502      0.284552
  306      1.000000      0.875000     -1.000000      0.284407      0.284552
  307      1.000000      1.000000     -1.000000      0.284550      0.284552
  308      1.000000      1.000000     -0.875000      0.343088      0.343235
  309      1.000000      0.500000     -0.875000      0.343100      0.343235
  310      1.000000      0.500000     -1.000000      0.284525      0.284552
  311      1.000000      0.625000     -1.000000      0.284520      0.284552
  312      1.000000      0.250000     -0.875000      0.343111      0.343235
  313      1.000000      0.250000     -1.000000      0.284535      0.284552
  314      1.000000      0.375000     -1.000000      0.284536      0.284552
  315      1.000000      0.000000     -0.875000      0.343115      0.343235
  316      1.000000      0.000000     -1.000000      0.284538      0.284552
  317      1.000000      0.125000     -1.000000      0.284542      0.284552
  318      1.000000     -0.250000     -0.875000      0.343111      0.343235
  319      1.000000     -0.250000     -1.000000      0.284535      0.284552
  320      1.000000     -0.125000     -1.000000      0.284542      0.284552
  321      1.000000     -0.500000     -0.875000      0.343100      0.343235
  322      1.000000     -0.500000     -1.000000      0.284525      0.284552
  323      1.000000     -0.375000     -1.000000      0.284536      0.284552
  324      1.000000     -0.750000     -0.875000      0.343070      0.343235
  325      1.000000     -0.750000     -1.000000      0.284502      0.284552
  326      1.000000     -0.625000     -1.000000      0.284520      0.284552
  327      1.000000     -1.000000     -0.875000      0.343088      0.343235
  328      1.000000     -1.000000     -1.000000      0.284550      0.284552
  329      1.000000     -0.875000     -1.000000      0.284407      0.284552
  330     -1.000000      1.000000     -0.125000     -1.056535     -1.057239
  331     -1.000000      1.000000     -0.250000     -0.876289     -0.876482
  332     -1.000000      0.875000     -0.250000     -0.876005     -0.876482
  333     -1.000000      0.750000     -0.250000     -0.876273     -0.876482
  334     -1.000000      0.750000     -0.125000     -1.056531     -1.057239
  335     -1.000000      0.625000     -0.250000     -0.876276     -0.876482
  336     -1.000000      0.500000     -0.250000     -0.876289     -0.876482
  337     -1.000000      0.500000     -0.125000     -1.056534     -1.057239
  338     -1.000000      0.375000     -0.250000     -0.876287     -0.876482
  339     -1.000000      0.250000     -0.250000     -0.876296     -0.876482
  340     -1.000000      0.250000     -0.125000     -1.056538     -1.057239
  341     -1.000000      0.125000     -0.250000     -0.876291     -0.876482
  342     -1.000000      0.000000     -0.250000     -0.876298     -0.876482
  343     -1.000000      0.000000     -0.125000     -1.056539     -1.057239
  344     -1.000000     -0.125000     -0.250000     -0.876291     -0.876482
  345     -1.000000     -0.250000     -0.250000     -0.876296     -0.876482
  346     -1.000000     -0.250000     -0.125000     -1.056538     -1.057239
  347     -1.000000     -0.375000     -0.250000     -0.876287     -0.876482
  348     -1.000000     -0.500000     -0.250000     -0.876289     -0.876482
  349     -1.000000     -0.500000     -0.125000     -1.056534     -1.057239
  350     -1.000000     -0.625000     -0.250000     -0.876276     -0.876482
  351     -1.000000     -0.750000     -0.250000     -0.876273     -0.876482
  352     -1.000000     -0.750000     -0.125000     -1.056531     -1.057239
  353     -1.000000     -0.875000     -0.250000     -0.876005     -0.876482
  354     -1.000000     -1.000000     -0.250000     -0.876289     -0.876482
  355     -1.000000     -1.000000     -0.125000     -1.056535     -1.057239
  356     -1.000000      1.000000     -0.375000     -0.726511     -0.726629
  357     -1.000000      1.000000     -0.500000     -0.602317     -0.602396
  358     -1.000000      0.875000     -0.500000     -0.602125     -0.602396
  359     -1.000000      0.750000     -0.500000     -0.602298     -0.602396
  360     -1.000000      0.750000     -0.375000     -0.726489     -0.726629
  361     -1.000000      0.625000     -0.500000     -0.602306     -0.602396
  362     -1.000000      0.500000     -0.500000     -0.602314     -0.602396
  363     -1.000000      0.500000     -0.375000     -0.726509     -0.726629
  364     -1.000000      0.375000     -0.500000     -0.602319     -0.602396
  365     -1.000000      0.250000     -0.500000     -0.602324     -0.602396
  366     -1.000000      0.250000     -0.375000     -0.726518     -0.726629
  367     -1.000000      0.125000     -0.500000     -0.602325     -0.602396
  368     -1.000000      0.000000     -0.500000     -0.602327     -0.602396
  369     -1.000000      0.000000     -0.375000     -0.726520     -0.726629
  370     -1.000000     -0.125000     -0.500000     -0.602325     -0.602396
  371     -1.000000     -0.250000     -0.500000     -0.602324     -0.602396
  372     -1.000000     -0.250000     -0.375000     -0.726518     -0.726629
  373     -1.000000     -0.375000     -0.500000     -0.602319     -0.602396
  374     -1.000000     -0.500000     -0.500000     -0.602314     -0.602396
  375     -1.000000     -0.500000     -0.375000     -0.726509     -0.726629
  376     -1.000000     -0.625000     -0.500000     -0.602306     -0.602396
  377     -1.000000     -0.750000     -0.500000     -0.602298     -0.602396
  378     -1.000000     -0.750000     -0.375000     -0.726489     -0.726629
  379     -1.000000     -0.875000     -0.500000     -0.602125     -0.602396
  380     -1.000000     -1.000000     -0.500000     -0.602317     -0.602396
  381     -1.000000     -1.000000     -0.375000     -0.726511     -0.726629
  382     -1.000000      1.000000     -0.625000     -0.499340     -0.499404
  383     -1.000000      1.000000     -0.750000     -0.413957     -0.414021
  384     -1.000000      0.875000     -0.750000     -0.413814     -0.414021
  385     -1.000000      0.750000     -0.750000     -0.413940     -0.414021
  386     -1.000000      0.750000     -0.625000     -0.499320     -0.499404
  387     -1.000000      0.625000     -0.750000     -0.413950     -0.414021
  388     -1.000000      0.500000     -0.750000     -0.413961     -0.414021
  389     -1.000000      0.500000     -0.625000     -0.499338     -0.499404
  390     -1.000000      0.375000     -0.750000     -0.413966     -0.414021
  391     -1.000000      0.250000     -0.750000     -0.413972     -0.414021
  392     -1.000000      0.250000     -0.625000     -0.499348     -0.499404
  393     -1.000000      0.125000     -0.750000     -0.413972     -0.414021
  394     -1.000000      0.000000     -0.750000     -0.413975     -0.414021
  395     -1.000000      0.000000     -0.625000     -0.499351     -0.499404
  396     -1.000000     -0.125000     -0.750000     -0.413972     -0.414021
  397     -1.000000     -0.250000     -0.750000     -0.413972     -0.414021
  398     -1.000000     -0.250000     -0.625000     -0.499348     -0.499404
  399     -1.000000     -0.375000     -0.750000     -0.413966     -0.414021
  400     -1.000000     -0.500000     -0.750000     -0.413961     -0.414021
  401     -1.000000     -0.500000     -0.625000     -0.499338     -0.499404
  402     -1.000000     -0.625000     -0.750000     -0.413950     -0.414021
  403     -1.000000     -0.750000     -0.750000     -0.413940     -0.414021
  404     -1.000000     -0.750000     -0.625000     -0.499320     -0.499404
  405     -1.000000     -0.875000     -0.750000     -0.413814     -0.414021
  406     -1.000000     -1.000000     -0.750000     -0.413957     -0.414021
  407     -1.000000     -1.000000     -0.625000     -0.499340     -0.499404
  408     -1.000000      1.000000     -0.875000     -0.343088     -0.343235
  409     -1.000000      1.000000     -1.000000     -0.284550     -0.284552
  410     -1.000000      0.875000     -1.000000     -0.284407     -0.284552
  411     -1.000000      0.750000     -1.000000     -0.284502     -0.284552
  412     -1.000000      0.750000     -0.875000     -0.343070     -0.343235
  413     -1.000000      0.625000     -1.000000     -0.284520     -0.284552
  414     -1.000000      0.500000     -1.000000     -0.284525     -0.284552
  415     -1.000000      0.500000     -0.875000     -0.343100     -0.343235
  416     -1.000000      0.375000     -1.000000     -0.284536     -0.284552
  417     -1.000000      0.250000     -1.000000     -0.284535     -0.284552
  418     -1.000000      0.250000     -0.875000     -0.343111     -0.343235
  419     -1.000000      0.125000     -1.000000     -0.284542     -0.284552
  420     -1.000000      0.000000     -1.000000     -0.284538     -0.284552
  421     -1.000000      0.000000     -0.875000     -0.343115     -0.343235
  422     -1.000000     -0.125000     -1.000000     -0.284542     -0.284552
  423     -1.000000     -0.250000     -1.000000     -0.284535     -0.284552
  424     -1.000000     -0.250000     -0.875000     -0.343111     -0.343235
  425     -1.000000     -0.375000     -1.000000     -0.284536     -0.284552
  426     -1.000000     -0.500000     -1.000000     -0.284525     -0.284552
  427     -1.000000     -0.500000     -0.875000     -0.343100     -0.343235
  428     -1.000000     -0.625000     -1.000000     -0.284520     -0.284552
  429     -1.000000     -0.750000     -1.000000     -0.284502     -0.284552
  430     -1.000000     -0.750000     -0.875000     -0.343070     -0.343235
  431     -1.000000     -0.875000     -1.000000     -0.284407     -0.284552
  432     -1.000000     -1.000000     -1.000000     -0.284550     -0.284552
  433     -1.000000     -1.000000     -0.875000     -0.343088     -0.343235
  434      0.750000      1.000000     -0.125000      0.955896      0.956308
  435      0.750000      1.000000     -0.250000      0.792716      0.792807
  436      0.875000      1.000000     -0.250000      0.849082      0.849534
  437      0.500000      1.000000     -0.125000      0.722409      0.722465
  438      0.500000      1.000000     -0.250000      0.599037      0.598944
  439      0.625000      1.000000     -0.250000      0.708303      0.708289
  440      0.250000      1.000000     -0.125000      0.388276      0.388210
  441      0.250000      1.000000     -0.250000      0.321950      0.321837
  442      0.375000      1.000000     -0.250000      0.468726      0.468604
  443      0.000000      1.000000     -0.125000      0.000000      0.000000
  444      0.000000      1.000000     -0.250000      0.000000      0.000000
  445      0.125000      1.000000     -0.250000      0.163854      0.163789
  446     -0.250000      1.000000     -0.125000     -0.388276     -0.388210
  447     -0.250000      1.000000     -0.250000     -0.321950     -0.321837
  448     -0.125000      1.000000     -0.250000     -0.163854     -0.163789
  449     -0.500000      1.000000     -0.125000     -0.722409     -0.722465
  450     -0.500000      1.000000     -0.250000     -0.599037     -0.598944
  451     -0.375000      1.000000     -0.250000     -0.468726     -0.468604
  452     -0.750000      1.000000     -0.125000     -0.955896     -0.956308
  453     -0.750000      1.000000     -0.250000     -0.792716     -0.792807
  454     -0.625000      1.000000     -0.250000     -0.708303     -0.708289
  455     -0.875000      1.000000     -0.250000     -0.849082     -0.849534
  456      0.750000      1.000000     -0.375000      0.657174      0.657260
  457      0.750000      1.000000     -0.500000      0.544812      0.544888
  458      0.875000      1.000000     -0.500000      0.583600      0.583875
  459      0.500000      1.000000     -0.375000      0.496577      0.496542
  460      0.500000      1.000000     -0.500000      0.411651      0.411648
  461      0.625000      1.000000     -0.500000      0.486767      0.486800
  462      0.250000      1.000000     -0.375000      0.266872      0.266812
  463      0.250000      1.000000     -0.500000      0.221223      0.221195
  464      0.375000      1.000000     -0.500000      0.322090      0.322066
  465      0.000000      1.000000     -0.375000      0.000000      0.000000
  466      0.000000      1.000000     -0.500000      0.000000      0.000000
  467      0.125000      1.000000     -0.500000      0.112588      0.112571
  468     -0.250000      1.000000     -0.375000     -0.266872     -0.266812
  469     -0.250000      1.000000     -0.500000     -0.221223     -0.221195
  470     -0.125000      1.000000     -0.500000     -0.112588     -0.112571
  471     -0.500000      1.000000     -0.375000     -0.496577     -0.496542
  472     -0.500000      1.000000     -0.500000     -0.411651     -0.411648
  473     -0.375000      1.000000     -0.500000     -0.322090     -0.322066
  474     -0.750000      1.000000     -0.375000     -0.657174     -0.657260
  475     -0.750000      1.000000     -0.500000     -0.544812     -0.544888
  476     -0.625000      1.000000     -0.500000     -0.486767     -0.486800
  477     -0.875000      1.000000     -0.500000     -0.583600     -0.583875
  478      0.750000      1.000000     -0.625000      0.451652      0.451728
  479      0.750000      1.000000     -0.750000      0.374417      0.374495
  480      0.875000      1.000000     -0.750000      0.401077      0.401291
  481      0.500000      1.000000     -0.625000      0.341251      0.341268
  482      0.500000      1.000000     -0.750000      0.282892      0.282921
  483      0.625000      1.000000     -0.750000      0.334519      0.334572
  484      0.250000      1.000000     -0.625000      0.183385      0.183377
  485      0.250000      1.000000     -0.750000      0.152022      0.152025
  486      0.375000      1.000000     -0.750000      0.221339      0.221353
  487      0.000000      1.000000     -0.625000      0.000000      0.000000
  488      0.000000      1.000000     -0.750000      0.000000      0.000000
  489      0.125000      1.000000     -0.750000      0.077368      0.077369
  490     -0.250000      1.000000     -0.625000     -0.183385     -0.183377
  491     -0.250000      1.000000     -0.750000     -0.152022     -0.152025
  492     -0.125000      1.000000     -0.750000     -0.077368     -0.077369
  493     -0.500000      1.000000     -0.625000     -0.341251     -0.341268
  494     -0.500000      1.000000     -0.750000     -0.282892     -0.282921
  495     -0.375000      1.000000     -0.750000     -0.221339     -0.221353
  496     -0.750000      1.000000     -0.625000     -0.451652     -0.451728
  497     -0.750000      1.000000     -0.750000     -0.374417     -0.374495
  498     -0.625000      1.000000     -0.750000     -0.334519     -0.334572
  499     -0.875000      1.000000     -0.750000     -0.401077     -0.401291
  500      0.750000      1.000000     -0.875000      0.310311      0.310468
  501      0.750000      1.000000     -1.000000      0.257329      0.257387
  502      0.875000      1.000000     -1.000000      0.275646      0.275803
  503      0.500000      1.000000     -0.875000      0.234462      0.234550
  504      0.500000      1.000000     -1.000000      0.194428      0.194449
  505      0.625000      1.000000     -1.000000      0.229914      0.229948
  506      0.250000      1.000000     -0.875000      0.125996      0.126033
  507      0.250000      1.000000     -1.000000      0.104482      0.104485
  508      0.375000      1.000000     -1.000000      0.152126      0.152133
  509      0.000000      1.000000     -0.875000      0.000000      0.000000
  510      0.000000      1.000000     -1.000000      0.000000      0.000000
  511      0.125000      1.000000     -1.000000      0.053175      0.053175
  512     -0.250000      1.000000     -0.875000     -0.125996     -0.126033
  513     -0.250000      1.000000     -1.000000     -0.104482     -0.104485
  514     -0.125000      1.000000     -1.000000     -0.053175     -0.053175
  515     -0.500000      1.000000     -0.875000     -0.234462     -0.234550
  516     -0.500000      1.000000     -1.000000     -0.194428     -0.194449
  517     -0.375000      1.000000     -1.000000     -0.152126     -0.152133
  518     -0.750000      1.000000     -0.875000     -0.310311     -0.310468
  519     -0.750000      1.000000     -1.000000     -0.257329     -0.257387
  520     -0.625000      1.000000     -1.000000     -0.229914     -0.229948
  521     -0.875000      1.000000     -1.000000     -0.275646     -0.275803
  522      0.750000     -1.000000     -0.125000      0.955896      0.956308
  523      0.750000     -1.000000     -0.250000      0.792716      0.792807
  524      0.875000     -1.000000     -0.250000      0.849082      0.849534
  525      0.500000     -1.000000     -0.125000      0.722409      0.722465
  526      0.500000     -1.000000     -0.250000      0.599037      0.598944
  527      0.625000     -1.000000     -0.250000      0.708303      0.708289
  528      0.250000     -1.000000     -0.125000      0.388276      0.388210
  529      0.250000     -1.000000     -0.250000      0.321950      0.321837
  530      0.375000     -1.000000     -0.250000      0.468726      0.468604
  531      0.000000     -1.000000     -0.125000      0.000000      0.000000
  532      0.000000     -1.000000     -0.250000      0.000000      0.000000
  533      0.125000     -1.000000     -0.250000      0.163854      0.163789
  534     -0.250000     -1.000000     -0.125000     -0.388276     -0.388210
  535     -0.250000     -1.000000     -0.250000     -0.321950     -0.321837
  536     -0.125000     -1.000000     -0.250000     -0.163854     -0.163789
  537     -0.500000     -1.000000     -0.125000     -0.722409     -0.722465
  538     -0.500000     -1.000000     -0.250000     -0.599037     -0.598944
  539     -0.375000     -1.000000     -0.250000     -0.468726     -0.468604
  540     -0.750000     -1.000000     -0.125000     -0.955896     -0.956308
  541     -0.750000     -1.000000     -0.250000     -0.792716     -0.792807
  542     -0.625000     -1.000000     -0.250000     -0.708303     -0.708289
  543     -0.875000     -1.000000     -0.250000     -0.849082     -0.849534
  544      0.750000     -1.000000     -0.375000      0.657174      0.657260
  545      0.750000     -1.000000     -0.500000      0.544812      0.544888
  546      0.875000     -1.000000     -0.500000      0.583600      0.583875
  547      0.500000     -1.000000     -0.375000      0.496577      0.496542
  548      0.500000     -1.000000     -0.500000      0.411651      0.411648
  549      0.625000     -1.000000     -0.500000      0.486767      0.486800
  550      0.250000     -1.000000     -0.375000      0.266872      0.266812
  551      0.250000     -1.000000     -0.500000      0.221223      0.221195
  552      0.375000     -1.000000     -0.500000      0.322090      0.322066
  553      0.000000     -1.000000     -0.375000      0.000000      0.000000
  554      0.000000     -1.000000     -0.500000      0.000000      0.000000
  555      0.125000     -1.000000     -0.500000      0.112588      0.112571
  556     -0.250000     -1.000000     -0.375000     -0.266872     -0.266812
  557     -0.250000     -1.000000     -0.500000     -0.221223     -0.221195
  558     -0.125000     -1.000000     -0.500000     -0.112588     -0.112571
  559     -0.500000     -1.000000     -0.375000     -0.496577     -0.496542
  560     -0.500000     -1.000000     -0.500000     -0.411651     -0.411648
  561     -0.375000     -1.000000     -0.500000     -0.322090     -0.322066
  562     -0.750000     -1.000000     -0.375000     -0.657174     -0.657260
  563     -0.750000     -1.000000     -0.500000     -0.544812     -0.544888
  564     -0.625000     -1.000000     -0.500000     -0.486767     -0.486800
  565     -0.875000     -1.000000     -0.500000     -0.583600     -0.583875
  566      0.750000     -1.000000     -0.625000      0.451652      0.451728
  567      0.750000     -1.000000     -0.750000      0.374417      0.374495
  568      0.875000     -1.000000     -0.750000      0.401077      0.401291
  569      0.500000     -1.000000     -0.625000      0.341251      0.341268
  570      0.500000     -1.000000     -0.750000      0.282892      0.282921
  571      0.625000     -1.000000     -0.750000      0.334519      0.334572
  572      0.250000     -1.000000     -0.625000      0.183385      0.183377
  573      0.250000     -1.000000     -0.750000      0.152022      0.152025
  574      0.375000     -1.000000     -0.750000      0.221339      0.221353
  575      0.000000     -1.000000     -0.625000      0.000000      0.000000
  576      0.000000     -1.000000     -0.750000      0.000000      0.000000
  577      0.125000     -1.000000     -0.750000      0.077368      0.077369
  578     -0.250000     -1.000000     -0.625000     -0.183385     -0.183377
  579     -0.250000     -1.000000     -0.750000     -0.152022     -0.152025
  580     -0.125000     -1.000000     -0.750000     -0.077368     -0.077369
  581     -0.500000     -1.000000     -0.625000     -0.341251     -0.341268
  582     -0.500000     -1.000000     -0.750000     -0.282892     -0.282921
  583     -0.375000     -1.000000     -0.750000     -0.221339     -0.221353
  584     -0.750000     -1.000000     -0.625000     -0.451652     -0.451728
  585     -0.750000     -1.000000     -0.750000     -0.374417     -0.374495
  586     -0.625000     -1.000000     -0.750000     -0.334519     -0.334572
  587     -0.875000     -1.000000     -0.750000     -0.401077     -0.401291
  588      0.750000     -1.000000     -0.875000      0.310311      0.310468
  589      0.750000     -1.000000     -1.000000      0.257329      0.257387
  590      0.875000     -1.000000     -1.000000      0.275646      0.275803
  591      0.500000     -1.000000     -0.875000      0.234462      0.234550
  592      0.500000     -1.000000     -1.000000      0.194428      0.194449
  593      0.625000     -1.000000     -1.000000      0.229914      0.229948
  594      0.250000     -1.000000     -0.875000      0.125996      0.126033
  595      0.250000     -1.000000     -1.000000      0.104482      0.104485
  596      0.375000     -1.000000     -1.000000      0.152126      0.152133
  597      0.000000     -1.000000     -0.875000      0.000000      0.000000
  598      0.000000     -1.000000     -1.000000      0.000000      0.000000
  599      0.125000     -1.000000     -1.000000      0.053175      0.053175
  600     -0.250000     -1.000000     -0.875000     -0.125996     -0.126033
  601     -0.250000     -1.000000     -1.000000     -0.104482     -0.104485
  602     -0.125000     -1.000000     -1.000000     -0.053175     -0.053175
  603     -0.500000     -1.000000     -0.875000     -0.234462     -0.234550
  604     -0.500000     -1.000000     -1.000000     -0.194428     -0.194449
  605     -0.375000     -1.000000     -1.000000     -0.152126     -0.152133
  606     -0.750000     -1.000000     -0.875000     -0.310311     -0.310468
  607     -0.750000     -1.000000     -1.000000     -0.257329     -0.257387
  608     -0.625000     -1.000000     -1.000000     -0.229914     -0.229948
  609     -0.875000     -1.000000     -1.000000     -0.275646     -0.275803
  610      0.875000      0.750000     -1.000000      0.275631      0.275803
  611      0.750000      0.750000     -1.000000      0.257315      0.257387
  612      0.750000      0.875000     -1.000000      0.257231      0.257387
  613      0.625000      0.750000     -1.000000      0.229902      0.229948
  614      0.500000      0.750000     -1.000000      0.194419      0.194449
  615      0.500000      0.875000     -1.000000      0.194362      0.194449
  616      0.375000      0.750000     -1.000000      0.152119      0.152133
  617      0.250000      0.750000     -1.000000      0.104478      0.104485
  618      0.250000      0.875000     -1.000000      0.104447      0.104485
  619      0.125000      0.750000     -1.000000      0.053173      0.053175
  620      0.000000      0.750000     -1.000000      0.000000      0.000000
  621      0.000000      0.875000     -1.000000      0.000000      0.000000
  622     -0.125000      0.750000     -1.000000     -0.053173     -0.053175
  623     -0.250000      0.750000     -1.000000     -0.104478     -0.104485
  624     -0.250000      0.875000     -1.000000     -0.104447     -0.104485
  625     -0.375000      0.750000     -1.000000     -0.152119     -0.152133
  626     -0.500000      0.750000     -1.000000     -0.194419     -0.194449
  627     -0.500000      0.875000     -1.000000     -0.194362     -0.194449
  628     -0.625000      0.750000     -1.000000     -0.229902     -0.229948
  629     -0.750000      0.750000     -1.000000     -0.257315     -0.257387
  630     -0.750000      0.875000     -1.000000     -0.257231     -0.257387
  631     -0.875000      0.750000     -1.000000     -0.275631     -0.275803
  632      0.875000      0.500000     -1.000000      0.275663      0.275803
  633      0.750000      0.500000     -1.000000      0.257337      0.257387
  634      0.750000      0.625000     -1.000000      0.257331      0.257387
  635      0.625000      0.500000     -1.000000      0.229917      0.229948
  636      0.500000      0.500000     -1.000000      0.194429      0.194449
  637      0.500000      0.625000     -1.000000      0.194428      0.194449
  638      0.375000      0.500000     -1.000000      0.152126      0.152133
  639      0.250000      0.500000     -1.000000      0.104482      0.104485
  640      0.250000      0.625000     -1.000000      0.104482      0.104485
  641      0.125000      0.500000     -1.000000      0.053175      0.053175
  642      0.000000      0.500000     -1.000000      0.000000      0.000000
  643      0.000000      0.625000     -1.000000      0.000000      0.000000
  644     -0.125000      0.500000     -1.000000     -0.053175     -0.053175
  645     -0.250000      0.500000     -1.000000     -0.104482     -0.104485
  646     -0.250000      0.625000     -1.000000     -0.104482     -0.104485
  647     -0.375000      0.500000     -1.000000     -0.152126     -0.152133
  648     -0.500000      0.500000     -1.000000     -0.194429     -0.194449
  649     -0.500000      0.625000     -1.000000     -0.194428     -0.194449
  650     -0.625000      0.500000     -1.000000     -0.229917     -0.229948
  651     -0.750000      0.500000     -1.000000     -0.257337     -0.257387
  652     -0.750000      0.625000     -1.000000     -0.257331     -0.257387
  653     -0.875000      0.500000     -1.000000     -0.275663     -0.275803
  654      0.875000      0.250000     -1.000000      0.275674      0.275803
  655      0.750000      0.250000     -1.000000      0.257348      0.257387
  656      0.750000      0.375000     -1.000000      0.257347      0.257387
  657      0.625000      0.250000     -1.000000      0.229926      0.229948
  658      0.500000      0.250000     -1.000000      0.194435      0.194449
  659      0.500000      0.375000     -1.000000      0.194436      0.194449
  660      0.375000      0.250000     -1.000000      0.152130      0.152133
  661      0.250000      0.250000     -1.000000      0.104485      0.104485
  662      0.250000      0.375000     -1.000000      0.104485      0.104485
  663      0.125000      0.250000     -1.000000      0.053176      0.053175
  664      0.000000      0.250000     -1.000000      0.000000      0.000000
  665      0.000000      0.375000     -1.000000      0.000000      0.000000
  666     -0.125000      0.250000     -1.000000     -0.053176     -0.053175
  667     -0.250000      0.250000     -1.000000     -0.104485     -0.104485
  668     -0.250000      0.375000     -1.000000     -0.104485     -0.104485
  669     -0.375000      0.250000     -1.000000     -0.152130     -0.152133
  670     -0.500000      0.250000     -1.000000     -0.194435     -0.194449
  671     -0.500000      0.375000     -1.000000     -0.194436     -0.194449
  672     -0.625000      0.250000     -1.000000     -0.229926     -0.229948
  673     -0.750000      0.250000     -1.000000     -0.257348     -0.257387
  674     -0.750000      0.375000     -1.000000     -0.257347     -0.257387
  675     -0.875000      0.250000     -1.000000     -0.275674     -0.275803
  676      0.875000      0.000000     -1.000000      0.275677      0.275803
  677      0.750000      0.000000     -1.000000      0.257351      0.257387
  678      0.750000      0.125000     -1.000000      0.257353      0.257387
  679      0.625000      0.000000     -1.000000      0.229928      0.229948
  680      0.500000      0.000000     -1.000000      0.194437      0.194449
  681      0.500000      0.125000     -1.000000      0.194440      0.194449
  682      0.375000      0.000000     -1.000000      0.152132      0.152133
  683      0.250000      0.000000     -1.000000      0.104486      0.104485
  684      0.250000      0.125000     -1.000000      0.104487      0.104485
  685      0.125000      0.000000     -1.000000      0.053177      0.053175
  686      0.000000      0.000000     -1.000000      0.000000      0.000000
  687      0.000000      0.125000     -1.000000      0.000000      0.000000
  688     -0.125000      0.000000     -1.000000     -0.053177     -0.053175
  689     -0.250000      0.000000     -1.000000     -0.104486     -0.104485
  690     -0.250000      0.125000     -1.000000     -0.104487     -0.104485
  691     -0.375000      0.000000     -1.000000     -0.152132     -0.152133
  692     -0.500000      0.000000     -1.000000     -0.194437     -0.194449
  693     -0.500000      0.125000     -1.000000     -0.194440     -0.194449
  694     -0.625000      0.000000     -1.000000     -0.229928     -0.229948
  695     -0.750000      0.000000     -1.000000     -0.257351     -0.257387
  696     -0.750000      0.125000     -1.000000     -0.257353     -0.257387
  697     -0.875000      0.000000     -1.000000     -0.275677     -0.275803
  698      0.875000     -0.250000     -1.000000      0.275674      0.275803
  699      0.750000     -0.250000     -1.000000      0.257348      0.257387
  700      0.750000     -0.125000     -1.000000      0.257353      0.257387
  701      0.625000     -0.250000     -1.000000      0.229926      0.229948
  702      0.500000     -0.250000     -1.000000      0.194435      0.194449
  703      0.500000     -0.125000     -1.000000      0.194440      0.194449
  704      0.375000     -0.250000     -1.000000      0.152130      0.152133
  705      0.250000     -0.250000     -1.000000      0.104485      0.104485
  706      0.250000     -0.125000     -1.000000      0.104487      0.104485
  707      0.125000     -0.250000     -1.000000      0.053176      0.053175
  708      0.000000     -0.250000     -1.000000      0.000000      0.000000
  709      0.000000     -0.125000     -1.000000      0.000000      0.000000
  710     -0.125000     -0.250000     -1.000000     -0.053176     -0.053175
  711     -0.250000     -0.250000     -1.000000     -0.104485     -0.104485
  712     -0.250000     -0.125000     -1.000000     -0.104487     -0.104485
  713     -0.375000     -0.250000     -1.000000     -0.152130     -0.152133
  714     -0.500000     -0.250000     -1.000000     -0.194435     -0.194449
  715     -0.500000     -0.125000     -1.000000     -0.194440     -0.194449
  716     -0.625000     -0.250000     -1.000000     -0.229926     -0.229948
  717     -0.750000     -0.250000     -1.000000     -0.257348     -0.257387
  718     -0.750000     -0.125000     -1.000000     -0.257353     -0.257387
  719     -0.875000     -0.250000     -1.000000     -0.275674     -0.275803
  720      0.875000     -0.500000     -1.000000      0.275663      0.275803
  721      0.750000     -0.500000     -1.000000      0.257337      0.257387
  722      0.750000     -0.375000     -1.000000      0.257347      0.257387
  723      0.625000     -0.500000     -1.000000      0.229917      0.229948
  724      0.500000     -0.500000     -1.000000      0.194429      0.194449
  725      0.500000     -0.375000     -1.000000      0.194436      0.194449
  726      0.375000     -0.500000     -1.000000      0.152126      0.152133
  727      0.250000     -0.500000     -1.000000      0.104482      0.104485
  728      0.250000     -0.375000     -1.000000      0.104485      0.104485
  729      0.125000     -0.500000     -1.000000      0.053175      0.053175
  730      0.000000     -0.500000     -1.000000      0.000000      0.000000
  731      0.000000     -0.375000     -1.000000      0.000000      0.000000
  732     -0.125000     -0.500000     -1.000000     -0.053175     -0.053175
  733     -0.250000     -0.500000     -1.000000     -0.104482     -0.104485
  734     -0.250000     -0.375000     -1.000000     -0.104485     -0.104485
  735     -0.375000     -0.500000     -1.000000     -0.152126     -0.152133
  736     -0.500000     -0.500000     -1.000000     -0.194429     -0.194449
  737     -0.500000     -0.375000     -1.000000     -0.194436     -0.194449
  738     -0.625000     -0.500000     -1.000000     -0.229917     -0.229948
  739     -0.750000     -0.500000     -1.000000     -0.257337     -0.257387
  740     -0.750000     -0.375000     -1.000000     -0.257347     -0.257387
  741     -0.875000     -0.500000     -1.000000     -0.275663     -0.275803
  742      0.875000     -0.750000     -1.000000      0.275631      0.275803
  743      0.750000     -0.750000     -1.000000      0.257315      0.257387
  744      0.750000     -0.625000     -1.000000      0.257331      0.257387
  745      0.625000     -0.750000     -1.000000      0.229902      0.229948
  746      0.500000     -0.750000     -1.000000      0.194419      0.194449
  747      0.500000     -0.625000     -1.000000      0.194428      0.194449
  748      0.375000     -0.750000     -1.000000      0.152119      0.152133
  749      0.250000     -0.750000     -1.000000      0.104478      0.104485
  750      0.250000     -0.625000     -1.000000      0.104482      0.104485
  751      0.125000     -0.750000     -1.000000      0.053173      0.053175
  752      0.000000     -0.750000     -1.000000      0.000000      0.000000
  753      0.000000     -0.625000     -1.000000      0.000000      0.000000
  754     -0.125000     -0.750000     -1.000000     -0.053173     -0.053175
  755     -0.250000     -0.750000     -1.000000     -0.104478     -0.104485
  756     -0.250000     -0.625000     -1.000000     -0.104482     -0.104485
  757     -0.375000     -0.750000     -1.000000     -0.152119     -0.152133
  758     -0.500000     -0.750000     -1.000000     -0.194419     -0.194449
  759     -0.500000     -0.625000     -1.000000     -0.194428     -0.194449
  760     -0.625000     -0.750000     -1.000000     -0.229902     -0.229948
  761     -0.750000     -0.750000     -1.000000     -0.257315     -0.257387
  762     -0.750000     -0.625000     -1.000000     -0.257331     -0.257387
  763     -0.875000     -0.750000     -1.000000     -0.275631     -0.275803
  764      0.750000     -0.875000     -1.000000      0.257231      0.257387
  765      0.500000     -0.875000     -1.000000      0.194362      0.194449
  766      0.250000     -0.875000     -1.000000      0.104447      0.104485
  767      0.000000     -0.875000     -1.000000      0.000000      0.000000
  768     -0.250000     -0.875000     -1.000000     -0.104447     -0.104485
  769     -0.500000     -0.875000     -1.000000     -0.194362     -0.194449
  770     -0.750000     -0.875000     -1.000000     -0.257231     -0.257387

