 1      1.000000      1.000000      0.000000      1.903683      1.912910
    2      0.875000      1.000000      0.000000      1.860456      1.854096
    3      0.750000      1.000000      0.000000      1.727062      1.730291
    4      0.750000      0.875000      0.000000      1.720187      1.730291
    5      0.750000      0.750000      0.000000      1.727137      1.730291
    6      0.875000      0.750000      0.000000      1.860510      1.854096
    7      1.000000      0.750000      0.000000      1.903977      1.912910
    8      1.000000      0.875000      0.000000      1.890978      1.912910
    9      0.625000      1.000000      0.000000      1.555679      1.545833
   10      0.500000      1.000000      0.000000      1.305238      1.307188
   11      0.500000      0.875000      0.000000      1.301370      1.307188
   12      0.500000      0.750000      0.000000      1.305210      1.307188
   13      0.625000      0.750000      0.000000      1.555674      1.545833
   14      0.375000      1.000000      0.000000      1.031046      1.022722
   15      0.250000      1.000000      0.000000      0.701559      0.702406
   16      0.250000      0.875000      0.000000      0.699831      0.702406
   17      0.250000      0.750000      0.000000      0.701500      0.702406
   18      0.375000      0.750000      0.000000      1.030966      1.022722
   19      0.125000      1.000000      0.000000      0.360682      0.357468
   20      0.000000      1.000000      0.000000      0.000000      0.000000
   21      0.000000      0.875000      0.000000      0.000000      0.000000
   22      0.000000      0.750000      0.000000      0.000000      0.000000
   23      0.125000      0.750000      0.000000      0.360637      0.357468
   24     -0.125000      1.000000      0.000000     -0.360682     -0.357468
   25     -0.250000      1.000000      0.000000     -0.701559     -0.702406
   26     -0.250000      0.875000      0.000000     -0.699831     -0.702406
   27     -0.250000      0.750000      0.000000     -0.701500     -0.702406
   28     -0.125000      0.750000      0.000000     -0.360637     -0.357468
   29     -0.375000      1.000000      0.000000     -1.031046     -1.022722
   30     -0.500000      1.000000      0.000000     -1.305238     -1.307188
   31     -0.500000      0.875000      0.000000     -1.301370     -1.307188
   32     -0.500000      0.750000      0.000000     -1.305210     -1.307188
   33     -0.375000      0.750000      0.000000     -1.030966     -1.022722
   34     -0.625000      1.000000      0.000000     -1.555679     -1.545833
   35     -0.750000      1.000000      0.000000     -1.727062     -1.730291
   36     -0.750000      0.875000      0.000000     -1.720187     -1.730291
   37     -0.750000      0.750000      0.000000     -1.727137     -1.730291
   38     -0.625000      0.750000      0.000000     -1.555674     -1.545833
   39     -0.875000      1.000000      0.000000     -1.860456     -1.854096
   40     -1.000000      1.000000      0.000000     -1.903683     -1.912910
   41     -1.000000      0.875000      0.000000     -1.890978     -1.912910
   42     -1.000000      0.750000      0.000000     -1.903977     -1.912910
   43     -0.875000      0.750000      0.000000     -1.860510     -1.854096
   44      0.750000      0.625000      0.000000      1.721113      1.730291
   45      0.750000      0.500000      0.000000      1.726980      1.730291
   46      0.875000      0.500000      0.000000      1.860292      1.854096
   47      1.000000      0.500000      0.000000      1.903739      1.912910
   48      1.000000      0.625000      0.000000      1.889892      1.912910
   49      0.500000      0.625000      0.000000      1.303161      1.307188
   50      0.500000      0.500000      0.000000      1.305204      1.307188
   51      0.625000      0.500000      0.000000      1.555632      1.545833
   52      0.250000      0.625000      0.000000      0.701139      0.702406
   53      0.250000      0.500000      0.000000      0.701537      0.702406
   54      0.375000      0.500000      0.000000      1.031017      1.022722
   55      0.000000      0.625000      0.000000      0.000000      0.000000
   56      0.000000      0.500000      0.000000      0.000000      0.000000
   57      0.125000      0.500000      0.000000      0.360670      0.357468
   58     -0.250000      0.625000      0.000000     -0.701139     -0.702406
   59     -0.250000      0.500000      0.000000     -0.701537     -0.702406
   60     -0.125000      0.500000      0.000000     -0.360670     -0.357468
   61     -0.500000      0.625000      0.000000     -1.303161     -1.307188
   62     -0.500000      0.500000      0.000000     -1.305204     -1.307188
   63     -0.375000      0.500000      0.000000     -1.031017     -1.022722
   64     -0.750000      0.625000      0.000000     -1.721113     -1.730291
   65     -0.750000      0.500000      0.000000     -1.726980     -1.730291
   66     -0.625000      0.500000      0.000000     -1.555632     -1.545833
   67     -1.000000      0.625000      0.000000     -1.889892     -1.912910
   68     -1.000000      0.500000      0.000000     -1.903739     -1.912910
   69     -0.875000      0.500000      0.000000     -1.860292     -1.854096
   70      0.750000      0.375000      0.000000      1.721059      1.730291
   71      0.750000      0.250000      0.000000      1.726953      1.730291
   72      0.875000      0.250000      0.000000      1.860256      1.854096
   73      1.000000      0.250000      0.000000      1.903698      1.912910
   74      1.000000      0.375000      0.000000      1.889800      1.912910
   75      0.500000      0.375000      0.000000      1.303170      1.307188
   76      0.500000      0.250000      0.000000      1.305203      1.307188
   77      0.625000      0.250000      0.000000      1.555620      1.545833
   78      0.250000      0.375000      0.000000      0.701163      0.702406
   79      0.250000      0.250000      0.000000      0.701545      0.702406
   80      0.375000      0.250000      0.000000      1.031023      1.022722
   81      0.000000      0.375000      0.000000      0.000000      0.000000
   82      0.000000      0.250000      0.000000      0.000000      0.000000
   83      0.125000      0.250000      0.000000      0.360675      0.357468
   84     -0.250000      0.375000      0.000000     -0.701163     -0.702406
   85     -0.250000      0.250000      0.000000     -0.701545     -0.702406
   86     -0.125000      0.250000      0.000000     -0.360675     -0.357468
   87     -0.500000      0.375000      0.000000     -1.303170     -1.307188
   88     -0.500000      0.250000      0.000000     -1.305203     -1.307188
   89     -0.375000      0.250000      0.000000     -1.031023     -1.022722
   90     -0.750000      0.375000      0.000000     -1.721059     -1.730291
   91     -0.750000      0.250000      0.000000     -1.726953     -1.730291
   92     -0.625000      0.250000      0.000000     -1.555620     -1.545833
   93     -1.000000      0.375000      0.000000     -1.889800     -1.912910
   94     -1.000000      0.250000      0.000000     -1.903698     -1.912910
   95     -0.875000      0.250000      0.000000     -1.860256     -1.854096
   96      0.750000      0.125000      0.000000      1.721045      1.730291
   97      0.750000      0.000000      0.000000      1.726947      1.730291
   98      0.875000      0.000000      0.000000      1.860248      1.854096
   99      1.000000      0.000000      0.000000      1.903690      1.912910
  100      1.000000      0.125000      0.000000      1.889781      1.912910
  101      0.500000      0.125000      0.000000      1.303167      1.307188
  102      0.500000      0.000000      0.000000      1.305202      1.307188
  103      0.625000      0.000000      0.000000      1.555616      1.545833
  104      0.250000      0.125000      0.000000      0.701165      0.702406
  105      0.250000      0.000000      0.000000      0.701546      0.702406
  106      0.375000      0.000000      0.000000      1.031023      1.022722
  107      0.000000      0.125000      0.000000      0.000000      0.000000
  108      0.000000      0.000000      0.000000      0.000000      0.000000
  109      0.125000      0.000000      0.000000      0.360676      0.357468
  110     -0.250000      0.125000      0.000000     -0.701165     -0.702406
  111     -0.250000      0.000000      0.000000     -0.701546     -0.702406
  112     -0.125000      0.000000      0.000000     -0.360676     -0.357468
  113     -0.500000      0.125000      0.000000     -1.303167     -1.307188
  114     -0.500000      0.000000      0.000000     -1.305202     -1.307188
  115     -0.375000      0.000000      0.000000     -1.031023     -1.022722
  116     -0.750000      0.125000      0.000000     -1.721045     -1.730291
  117     -0.750000      0.000000      0.000000     -1.726947     -1.730291
  118     -0.625000      0.000000      0.000000     -1.555616     -1.545833
  119     -1.000000      0.125000      0.000000     -1.889781     -1.912910
  120     -1.000000      0.000000      0.000000     -1.903690     -1.912910
  121     -0.875000      0.000000      0.000000     -1.860248     -1.854096
  122      0.750000     -0.125000      0.000000      1.721045      1.730291
  123      0.750000     -0.250000      0.000000      1.726953      1.730291
  124      0.875000     -0.250000      0.000000      1.860256      1.854096
  125      1.000000     -0.250000      0.000000      1.903698      1.912910
  126      1.000000     -0.125000      0.000000      1.889781      1.912910
  127      0.500000     -0.125000      0.000000      1.303167      1.307188
  128      0.500000     -0.250000      0.000000      1.305203      1.307188
  129      0.625000     -0.250000      0.000000      1.555620      1.545833
  130      0.250000     -0.125000      0.000000      0.701165      0.702406
  131      0.250000     -0.250000      0.000000      0.701545      0.702406
  132      0.375000     -0.250000      0.000000      1.031023      1.022722
  133      0.000000     -0.125000      0.000000      0.000000      0.000000
  134      0.000000     -0.250000      0.000000      0.000000      0.000000
  135      0.125000     -0.250000      0.000000      0.360675      0.357468
  136     -0.250000     -0.125000      0.000000     -0.701165     -0.702406
  137     -0.250000     -0.250000      0.000000     -0.701545     -0.702406
  138     -0.125000     -0.250000      0.000000     -0.360675     -0.357468
  139     -0.500000     -0.125000      0.000000     -1.303167     -1.307188
  140     -0.500000     -0.250000      0.000000     -1.305203     -1.307188
  141     -0.375000     -0.250000      0.000000     -1.031023     -1.022722
  142     -0.750000     -0.125000      0.000000     -1.721045     -1.730291
  143     -0.750000     -0.250000      0.000000     -1.726953     -1.730291
  144     -0.625000     -0.250000      0.000000     -1.555620     -1.545833
  145     -1.000000     -0.125000      0.000000     -1.889781     -1.912910
  146     -1.000000     -0.250000      0.000000     -1.903698     -1.912910
  147     -0.875000     -0.250000      0.000000     -1.860256     -1.854096
  148      0.750000     -0.375000      0.000000      1.721059      1.730291
  149      0.750000     -0.500000      0.000000      1.726980      1.730291
  150      0.875000     -0.500000      0.000000      1.860292      1.854096
  151      1.000000     -0.500000      0.000000      1.903739      1.912910
  152      1.000000     -0.375000      0.000000      1.889800      1.912910
  153      0.500000     -0.375000      0.000000      1.303170      1.307188
  154      0.500000     -0.500000      0.000000      1.305204      1.307188
  155      0.625000     -0.500000      0.000000      1.555632      1.545833
  156      0.250000     -0.375000      0.000000      0.701163      0.702406
  157      0.250000     -0.500000      0.000000      0.701537      0.702406
  158      0.375000     -0.500000      0.000000      1.031017      1.022722
  159      0.000000     -0.375000      0.000000      0.000000      0.000000
  160      0.000000     -0.500000      0.000000      0.000000      0.000000
  161      0.125000     -0.500000      0.000000      0.360670      0.357468
  162     -0.250000     -0.375000      0.000000     -0.701163     -0.702406
  163     -0.250000     -0.500000      0.000000     -0.701537     -0.702406
  164     -0.125000     -0.500000      0.000000     -0.360670     -0.357468
  165     -0.500000     -0.375000      0.000000     -1.303170     -1.307188
  166     -0.500000     -0.500000      0.000000     -1.305204     -1.307188
  167     -0.375000     -0.500000      0.000000     -1.031017     -1.022722
  168     -0.750000     -0.375000      0.000000     -1.721059     -1.730291
  169     -0.750000     -0.500000      0.000000     -1.726980     -1.730291
  170     -0.625000     -0.500000      0.000000     -1.555632     -1.545833
  171     -1.000000     -0.375000      0.000000     -1.889800     -1.912910
  172     -1.000000     -0.500000      0.000000     -1.903739     -1.912910
  173     -0.875000     -0.500000      0.000000     -1.860292     -1.854096
  174      0.750000     -0.625000      0.000000      1.721113      1.730291
  175      0.750000     -0.750000      0.000000      1.727137      1.730291
  176      0.875000     -0.750000      0.000000      1.860510      1.854096
  177      1.000000     -0.750000      0.000000      1.903977      1.912910
  178      1.000000     -0.625000      0.000000      1.889892      1.912910
  179      0.500000     -0.625000      0.000000      1.303161      1.307188
  180      0.500000     -0.750000      0.000000      1.305210      1.307188
  181      0.625000     -0.750000      0.000000      1.555674      1.545833
  182      0.250000     -0.625000      0.000000      0.701139      0.702406
  183      0.250000     -0.750000      0.000000      0.701500      0.702406
  184      0.375000     -0.750000      0.000000      1.030966      1.022722
  185      0.000000     -0.625000      0.000000      0.000000      0.000000
  186      0.000000     -0.750000      0.000000      0.000000      0.000000
  187      0.125000     -0.750000      0.000000      0.360637      0.357468
  188     -0.250000     -0.625000      0.000000     -0.701139     -0.702406
  189     -0.250000     -0.750000      0.000000     -0.701500     -0.702406
  190     -0.125000     -0.750000      0.000000     -0.360637     -0.357468
  191     -0.500000     -0.625000      0.000000     -1.303161     -1.307188
  192     -0.500000     -0.750000      0.000000     -1.305210     -1.307188
  193     -0.375000     -0.750000      0.000000     -1.030966     -1.022722
  194     -0.750000     -0.625000      0.000000     -1.721113     -1.730291
  195     -0.750000     -0.750000      0.000000     -1.727137     -1.730291
  196     -0.625000     -0.750000      0.000000     -1.555674     -1.545833
  197     -1.000000     -0.625000      0.000000     -1.889892     -1.912910
  198     -1.000000     -0.750000      0.000000     -1.903977     -1.912910
  199     -0.875000     -0.750000      0.000000     -1.860510     -1.854096
  200      0.750000     -0.875000      0.000000      1.720187      1.730291
  201      0.750000     -1.000000      0.000000      1.727062      1.730291
  202      0.875000     -1.000000      0.000000      1.860456      1.854096
  203      1.000000     -1.000000      0.000000      1.903683      1.912910
  204      1.000000     -0.875000      0.000000      1.890978      1.912910
  205      0.500000     -0.875000      0.000000      1.301370      1.307188
  206      0.500000     -1.000000      0.000000      1.305238      1.307188
  207      0.625000     -1.000000      0.000000      1.555679      1.545833
  208      0.250000     -0.875000      0.000000      0.699831      0.702406
  209      0.250000     -1.000000      0.000000      0.701559      0.702406
  210      0.375000     -1.000000      0.000000      1.031046      1.022722
  211      0.000000     -0.875000      0.000000      0.000000      0.000000
  212      0.000000     -1.000000      0.000000      0.000000      0.000000
  213      0.125000     -1.000000      0.000000      0.360682      0.357468
  214     -0.250000     -0.875000      0.000000     -0.699831     -0.702406
  215     -0.250000     -1.000000      0.000000     -0.701559     -0.702406
  216     -0.125000     -1.000000      0.000000     -0.360682     -0.357468
  217     -0.500000     -0.875000      0.000000     -1.301370     -1.307188
  218     -0.500000     -1.000000      0.000000     -1.305238     -1.307188
  219     -0.375000     -1.000000      0.000000     -1.031046     -1.022722
  220     -0.750000     -0.875000      0.000000     -1.720187     -1.730291
  221     -0.750000     -1.000000      0.000000     -1.727062     -1.730291
  222     -0.625000     -1.000000      0.000000     -1.555679     -1.545833
  223     -1.000000     -0.875000      0.000000     -1.890978     -1.912910
  224     -1.000000     -1.000000      0.000000     -1.903683     -1.912910
  225     -0.875000     -1.000000      0.000000     -1.860456     -1.854096
