     1      1.0000      1.0000      0.0000       0.125000
     2      0.8750      1.0000      0.0000       0.250000
     3      0.7500      1.0000      0.0000       0.250000
     4      0.7500      0.8750      0.0000       0.500000
     5      0.7500      0.7500      0.0000       0.500000
     6      0.8750      0.7500      0.0000       0.500000
     7      1.0000      0.7500      0.0000       0.250000
     8      1.0000      0.8750      0.0000       0.250000
     9      0.6250      1.0000      0.0000       0.250000
    10      0.5000      1.0000      0.0000       0.250000
    11      0.5000      0.8750      0.0000       0.500000
    12      0.5000      0.7500      0.0000       0.500000
    13      0.6250      0.7500      0.0000       0.500000
    14      0.3750      1.0000      0.0000       0.250000
    15      0.2500      1.0000      0.0000       0.250000
    16      0.2500      0.8750      0.0000       0.500000
    17      0.2500      0.7500      0.0000       0.500000
    18      0.3750      0.7500      0.0000       0.500000
    19      0.1250      1.0000      0.0000       0.250000
    20      0.0000      1.0000      0.0000       0.250000
    21      0.0000      0.8750      0.0000       0.500000
    22      0.0000      0.7500      0.0000       0.500000
    23      0.1250      0.7500      0.0000       0.500000
    24     -0.1250      1.0000      0.0000       0.250000
    25     -0.2500      1.0000      0.0000       0.250000
    26     -0.2500      0.8750      0.0000       0.500000
    27     -0.2500      0.7500      0.0000       0.500000
    28     -0.1250      0.7500      0.0000       0.500000
    29     -0.3750      1.0000      0.0000       0.250000
    30     -0.5000      1.0000      0.0000       0.250000
    31     -0.5000      0.8750      0.0000       0.500000
    32     -0.5000      0.7500      0.0000       0.500000
    33     -0.3750      0.7500      0.0000       0.500000
    34     -0.6250      1.0000      0.0000       0.250000
    35     -0.7500      1.0000      0.0000       0.250000
    36     -0.7500      0.8750      0.0000       0.500000
    37     -0.7500      0.7500      0.0000       0.500000
    38     -0.6250      0.7500      0.0000       0.500000
    39     -0.8750      1.0000      0.0000       0.250000
    40     -1.0000      1.0000      0.0000       0.125000
    41     -1.0000      0.8750      0.0000       0.250000
    42     -1.0000      0.7500      0.0000       0.250000
    43     -0.8750      0.7500      0.0000       0.500000
    44      0.7500      0.6250      0.0000       0.500000
    45      0.7500      0.5000      0.0000       0.500000
    46      0.8750      0.5000      0.0000       0.500000
    47      1.0000      0.5000      0.0000       0.250000
    48      1.0000      0.6250      0.0000       0.250000
    49      0.5000      0.6250      0.0000       0.500000
    50      0.5000      0.5000      0.0000       0.500000
    51      0.6250      0.5000      0.0000       0.500000
    52      0.2500      0.6250      0.0000       0.500000
    53      0.2500      0.5000      0.0000       0.500000
    54      0.3750      0.5000      0.0000       0.500000
    55      0.0000      0.6250      0.0000       0.500000
    56      0.0000      0.5000      0.0000       0.500000
    57      0.1250      0.5000      0.0000       0.500000
    58     -0.2500      0.6250      0.0000       0.500000
    59     -0.2500      0.5000      0.0000       0.500000
    60     -0.1250      0.5000      0.0000       0.500000
    61     -0.5000      0.6250      0.0000       0.500000
    62     -0.5000      0.5000      0.0000       0.500000
    63     -0.3750      0.5000      0.0000       0.500000
    64     -0.7500      0.6250      0.0000       0.500000
    65     -0.7500      0.5000      0.0000       0.500000
    66     -0.6250      0.5000      0.0000       0.500000
    67     -1.0000      0.6250      0.0000       0.250000
    68     -1.0000      0.5000      0.0000       0.250000
    69     -0.8750      0.5000      0.0000       0.500000
    70      0.7500      0.3750      0.0000       0.500000
    71      0.7500      0.2500      0.0000       0.500000
    72      0.8750      0.2500      0.0000       0.500000
    73      1.0000      0.2500      0.0000       0.250000
    74      1.0000      0.3750      0.0000       0.250000
    75      0.5000      0.3750      0.0000       0.500000
    76      0.5000      0.2500      0.0000       0.500000
    77      0.6250      0.2500      0.0000       0.500000
    78      0.2500      0.3750      0.0000       0.500000
    79      0.2500      0.2500      0.0000       0.500000
    80      0.3750      0.2500      0.0000       0.500000
    81      0.0000      0.3750      0.0000       0.500000
    82      0.0000      0.2500      0.0000       0.500000
    83      0.1250      0.2500      0.0000       0.500000
    84     -0.2500      0.3750      0.0000       0.500000
    85     -0.2500      0.2500      0.0000       0.500000
    86     -0.1250      0.2500      0.0000       0.500000
    87     -0.5000      0.3750      0.0000       0.500000
    88     -0.5000      0.2500      0.0000       0.500000
    89     -0.3750      0.2500      0.0000       0.500000
    90     -0.7500      0.3750      0.0000       0.500000
    91     -0.7500      0.2500      0.0000       0.500000
    92     -0.6250      0.2500      0.0000       0.500000
    93     -1.0000      0.3750      0.0000       0.250000
    94     -1.0000      0.2500      0.0000       0.250000
    95     -0.8750      0.2500      0.0000       0.500000
    96      0.7500      0.1250      0.0000       0.500000
    97      0.7500      0.0000      0.0000       0.500000
    98      0.8750      0.0000      0.0000       0.500000
    99      1.0000      0.0000      0.0000       0.250000
   100      1.0000      0.1250      0.0000       0.250000
   101      0.5000      0.1250      0.0000       0.500000
   102      0.5000      0.0000      0.0000       0.500000
   103      0.6250      0.0000      0.0000       0.500000
   104      0.2500      0.1250      0.0000       0.500000
   105      0.2500      0.0000      0.0000       0.500000
   106      0.3750      0.0000      0.0000       0.500000
   107      0.0000      0.1250      0.0000       0.500000
   108      0.0000      0.0000      0.0000       0.500000
   109      0.1250      0.0000      0.0000       0.500000
   110     -0.2500      0.1250      0.0000       0.500000
   111     -0.2500      0.0000      0.0000       0.500000
   112     -0.1250      0.0000      0.0000       0.500000
   113     -0.5000      0.1250      0.0000       0.500000
   114     -0.5000      0.0000      0.0000       0.500000
   115     -0.3750      0.0000      0.0000       0.500000
   116     -0.7500      0.1250      0.0000       0.500000
   117     -0.7500      0.0000      0.0000       0.500000
   118     -0.6250      0.0000      0.0000       0.500000
   119     -1.0000      0.1250      0.0000       0.250000
   120     -1.0000      0.0000      0.0000       0.250000
   121     -0.8750      0.0000      0.0000       0.500000
   122      0.7500     -0.1250      0.0000       0.500000
   123      0.7500     -0.2500      0.0000       0.500000
   124      0.8750     -0.2500      0.0000       0.500000
   125      1.0000     -0.2500      0.0000       0.250000
   126      1.0000     -0.1250      0.0000       0.250000
   127      0.5000     -0.1250      0.0000       0.500000
   128      0.5000     -0.2500      0.0000       0.500000
   129      0.6250     -0.2500      0.0000       0.500000
   130      0.2500     -0.1250      0.0000       0.500000
   131      0.2500     -0.2500      0.0000       0.500000
   132      0.3750     -0.2500      0.0000       0.500000
   133      0.0000     -0.1250      0.0000       0.500000
   134      0.0000     -0.2500      0.0000       0.500000
   135      0.1250     -0.2500      0.0000       0.500000
   136     -0.2500     -0.1250      0.0000       0.500000
   137     -0.2500     -0.2500      0.0000       0.500000
   138     -0.1250     -0.2500      0.0000       0.500000
   139     -0.5000     -0.1250      0.0000       0.500000
   140     -0.5000     -0.2500      0.0000       0.500000
   141     -0.3750     -0.2500      0.0000       0.500000
   142     -0.7500     -0.1250      0.0000       0.500000
   143     -0.7500     -0.2500      0.0000       0.500000
   144     -0.6250     -0.2500      0.0000       0.500000
   145     -1.0000     -0.1250      0.0000       0.250000
   146     -1.0000     -0.2500      0.0000       0.250000
   147     -0.8750     -0.2500      0.0000       0.500000
   148      0.7500     -0.3750      0.0000       0.500000
   149      0.7500     -0.5000      0.0000       0.500000
   150      0.8750     -0.5000      0.0000       0.500000
   151      1.0000     -0.5000      0.0000       0.250000
   152      1.0000     -0.3750      0.0000       0.250000
   153      0.5000     -0.3750      0.0000       0.500000
   154      0.5000     -0.5000      0.0000       0.500000
   155      0.6250     -0.5000      0.0000       0.500000
   156      0.2500     -0.3750      0.0000       0.500000
   157      0.2500     -0.5000      0.0000       0.500000
   158      0.3750     -0.5000      0.0000       0.500000
   159      0.0000     -0.3750      0.0000       0.500000
   160      0.0000     -0.5000      0.0000       0.500000
   161      0.1250     -0.5000      0.0000       0.500000
   162     -0.2500     -0.3750      0.0000       0.500000
   163     -0.2500     -0.5000      0.0000       0.500000
   164     -0.1250     -0.5000      0.0000       0.500000
   165     -0.5000     -0.3750      0.0000       0.500000
   166     -0.5000     -0.5000      0.0000       0.500000
   167     -0.3750     -0.5000      0.0000       0.500000
   168     -0.7500     -0.3750      0.0000       0.500000
   169     -0.7500     -0.5000      0.0000       0.500000
   170     -0.6250     -0.5000      0.0000       0.500000
   171     -1.0000     -0.3750      0.0000       0.250000
   172     -1.0000     -0.5000      0.0000       0.250000
   173     -0.8750     -0.5000      0.0000       0.500000
   174      0.7500     -0.6250      0.0000       0.500000
   175      0.7500     -0.7500      0.0000       0.500000
   176      0.8750     -0.7500      0.0000       0.500000
   177      1.0000     -0.7500      0.0000       0.250000
   178      1.0000     -0.6250      0.0000       0.250000
   179      0.5000     -0.6250      0.0000       0.500000
   180      0.5000     -0.7500      0.0000       0.500000
   181      0.6250     -0.7500      0.0000       0.500000
   182      0.2500     -0.6250      0.0000       0.500000
   183      0.2500     -0.7500      0.0000       0.500000
   184      0.3750     -0.7500      0.0000       0.500000
   185      0.0000     -0.6250      0.0000       0.500000
   186      0.0000     -0.7500      0.0000       0.500000
   187      0.1250     -0.7500      0.0000       0.500000
   188     -0.2500     -0.6250      0.0000       0.500000
   189     -0.2500     -0.7500      0.0000       0.500000
   190     -0.1250     -0.7500      0.0000       0.500000
   191     -0.5000     -0.6250      0.0000       0.500000
   192     -0.5000     -0.7500      0.0000       0.500000
   193     -0.3750     -0.7500      0.0000       0.500000
   194     -0.7500     -0.6250      0.0000       0.500000
   195     -0.7500     -0.7500      0.0000       0.500000
   196     -0.6250     -0.7500      0.0000       0.500000
   197     -1.0000     -0.6250      0.0000       0.250000
   198     -1.0000     -0.7500      0.0000       0.250000
   199     -0.8750     -0.7500      0.0000       0.500000
   200      0.7500     -0.8750      0.0000       0.500000
   201      0.7500     -1.0000      0.0000       0.250000
   202      0.8750     -1.0000      0.0000       0.250000
   203      1.0000     -1.0000      0.0000       0.125000
   204      1.0000     -0.8750      0.0000       0.250000
   205      0.5000     -0.8750      0.0000       0.500000
   206      0.5000     -1.0000      0.0000       0.250000
   207      0.6250     -1.0000      0.0000       0.250000
   208      0.2500     -0.8750      0.0000       0.500000
   209      0.2500     -1.0000      0.0000       0.250000
   210      0.3750     -1.0000      0.0000       0.250000
   211      0.0000     -0.8750      0.0000       0.500000
   212      0.0000     -1.0000      0.0000       0.250000
   213      0.1250     -1.0000      0.0000       0.250000
   214     -0.2500     -0.8750      0.0000       0.500000
   215     -0.2500     -1.0000      0.0000       0.250000
   216     -0.1250     -1.0000      0.0000       0.250000
   217     -0.5000     -0.8750      0.0000       0.500000
   218     -0.5000     -1.0000      0.0000       0.250000
   219     -0.3750     -1.0000      0.0000       0.250000
   220     -0.7500     -0.8750      0.0000       0.500000
   221     -0.7500     -1.0000      0.0000       0.250000
   222     -0.6250     -1.0000      0.0000       0.250000
   223     -1.0000     -0.8750      0.0000       0.250000
   224     -1.0000     -1.0000      0.0000       0.125000
   225     -0.8750     -1.0000      0.0000       0.250000
   226      1.0000      0.7500     -0.1250       0.500000
   227      1.0000      0.7500     -0.2500       0.500000
   228      1.0000      0.8750     -0.2500       0.500000
   229      1.0000      1.0000     -0.2500       0.250000
   230      1.0000      1.0000     -0.1250       0.250000
   231      1.0000      0.5000     -0.1250       0.500000
   232      1.0000      0.5000     -0.2500       0.500000
   233      1.0000      0.6250     -0.2500       0.500000
   234      1.0000      0.2500     -0.1250       0.500000
   235      1.0000      0.2500     -0.2500       0.500000
   236      1.0000      0.3750     -0.2500       0.500000
   237      1.0000      0.0000     -0.1250       0.500000
   238      1.0000      0.0000     -0.2500       0.500000
   239      1.0000      0.1250     -0.2500       0.500000
   240      1.0000     -0.2500     -0.1250       0.500000
   241      1.0000     -0.2500     -0.2500       0.500000
   242      1.0000     -0.1250     -0.2500       0.500000
   243      1.0000     -0.5000     -0.1250       0.500000
   244      1.0000     -0.5000     -0.2500       0.500000
   245      1.0000     -0.3750     -0.2500       0.500000
   246      1.0000     -0.7500     -0.1250       0.500000
   247      1.0000     -0.7500     -0.2500       0.500000
   248      1.0000     -0.6250     -0.2500       0.500000
   249      1.0000     -1.0000     -0.1250       0.250000
   250      1.0000     -1.0000     -0.2500       0.250000
   251      1.0000     -0.8750     -0.2500       0.500000
   252      1.0000      0.7500     -0.3750       0.500000
   253      1.0000      0.7500     -0.5000       0.500000
   254      1.0000      0.8750     -0.5000       0.500000
   255      1.0000      1.0000     -0.5000       0.250000
   256      1.0000      1.0000     -0.3750       0.250000
   257      1.0000      0.5000     -0.3750       0.500000
   258      1.0000      0.5000     -0.5000       0.500000
   259      1.0000      0.6250     -0.5000       0.500000
   260      1.0000      0.2500     -0.3750       0.500000
   261      1.0000      0.2500     -0.5000       0.500000
   262      1.0000      0.3750     -0.5000       0.500000
   263      1.0000      0.0000     -0.3750       0.500000
   264      1.0000      0.0000     -0.5000       0.500000
   265      1.0000      0.1250     -0.5000       0.500000
   266      1.0000     -0.2500     -0.3750       0.500000
   267      1.0000     -0.2500     -0.5000       0.500000
   268      1.0000     -0.1250     -0.5000       0.500000
   269      1.0000     -0.5000     -0.3750       0.500000
   270      1.0000     -0.5000     -0.5000       0.500000
   271      1.0000     -0.3750     -0.5000       0.500000
   272      1.0000     -0.7500     -0.3750       0.500000
   273      1.0000     -0.7500     -0.5000       0.500000
   274      1.0000     -0.6250     -0.5000       0.500000
   275      1.0000     -1.0000     -0.3750       0.250000
   276      1.0000     -1.0000     -0.5000       0.250000
   277      1.0000     -0.8750     -0.5000       0.500000
   278      1.0000      0.7500     -0.6250       0.500000
   279      1.0000      0.7500     -0.7500       0.500000
   280      1.0000      0.8750     -0.7500       0.500000
   281      1.0000      1.0000     -0.7500       0.250000
   282      1.0000      1.0000     -0.6250       0.250000
   283      1.0000      0.5000     -0.6250       0.500000
   284      1.0000      0.5000     -0.7500       0.500000
   285      1.0000      0.6250     -0.7500       0.500000
   286      1.0000      0.2500     -0.6250       0.500000
   287      1.0000      0.2500     -0.7500       0.500000
   288      1.0000      0.3750     -0.7500       0.500000
   289      1.0000      0.0000     -0.6250       0.500000
   290      1.0000      0.0000     -0.7500       0.500000
   291      1.0000      0.1250     -0.7500       0.500000
   292      1.0000     -0.2500     -0.6250       0.500000
   293      1.0000     -0.2500     -0.7500       0.500000
   294      1.0000     -0.1250     -0.7500       0.500000
   295      1.0000     -0.5000     -0.6250       0.500000
   296      1.0000     -0.5000     -0.7500       0.500000
   297      1.0000     -0.3750     -0.7500       0.500000
   298      1.0000     -0.7500     -0.6250       0.500000
   299      1.0000     -0.7500     -0.7500       0.500000
   300      1.0000     -0.6250     -0.7500       0.500000
   301      1.0000     -1.0000     -0.6250       0.250000
   302      1.0000     -1.0000     -0.7500       0.250000
   303      1.0000     -0.8750     -0.7500       0.500000
   304      1.0000      0.7500     -0.8750       0.500000
   305      1.0000      0.7500     -1.0000       0.250000
   306      1.0000      0.8750     -1.0000       0.250000
   307      1.0000      1.0000     -1.0000       0.125000
   308      1.0000      1.0000     -0.8750       0.250000
   309      1.0000      0.5000     -0.8750       0.500000
   310      1.0000      0.5000     -1.0000       0.250000
   311      1.0000      0.6250     -1.0000       0.250000
   312      1.0000      0.2500     -0.8750       0.500000
   313      1.0000      0.2500     -1.0000       0.250000
   314      1.0000      0.3750     -1.0000       0.250000
   315      1.0000      0.0000     -0.8750       0.500000
   316      1.0000      0.0000     -1.0000       0.250000
   317      1.0000      0.1250     -1.0000       0.250000
   318      1.0000     -0.2500     -0.8750       0.500000
   319      1.0000     -0.2500     -1.0000       0.250000
   320      1.0000     -0.1250     -1.0000       0.250000
   321      1.0000     -0.5000     -0.8750       0.500000
   322      1.0000     -0.5000     -1.0000       0.250000
   323      1.0000     -0.3750     -1.0000       0.250000
   324      1.0000     -0.7500     -0.8750       0.500000
   325      1.0000     -0.7500     -1.0000       0.250000
   326      1.0000     -0.6250     -1.0000       0.250000
   327      1.0000     -1.0000     -0.8750       0.250000
   328      1.0000     -1.0000     -1.0000       0.125000
   329      1.0000     -0.8750     -1.0000       0.250000
   330     -1.0000      1.0000     -0.1250       0.250000
   331     -1.0000      1.0000     -0.2500       0.250000
   332     -1.0000      0.8750     -0.2500       0.500000
   333     -1.0000      0.7500     -0.2500       0.500000
   334     -1.0000      0.7500     -0.1250       0.500000
   335     -1.0000      0.6250     -0.2500       0.500000
   336     -1.0000      0.5000     -0.2500       0.500000
   337     -1.0000      0.5000     -0.1250       0.500000
   338     -1.0000      0.3750     -0.2500       0.500000
   339     -1.0000      0.2500     -0.2500       0.500000
   340     -1.0000      0.2500     -0.1250       0.500000
   341     -1.0000      0.1250     -0.2500       0.500000
   342     -1.0000      0.0000     -0.2500       0.500000
   343     -1.0000      0.0000     -0.1250       0.500000
   344     -1.0000     -0.1250     -0.2500       0.500000
   345     -1.0000     -0.2500     -0.2500       0.500000
   346     -1.0000     -0.2500     -0.1250       0.500000
   347     -1.0000     -0.3750     -0.2500       0.500000
   348     -1.0000     -0.5000     -0.2500       0.500000
   349     -1.0000     -0.5000     -0.1250       0.500000
   350     -1.0000     -0.6250     -0.2500       0.500000
   351     -1.0000     -0.7500     -0.2500       0.500000
   352     -1.0000     -0.7500     -0.1250       0.500000
   353     -1.0000     -0.8750     -0.2500       0.500000
   354     -1.0000     -1.0000     -0.2500       0.250000
   355     -1.0000     -1.0000     -0.1250       0.250000
   356     -1.0000      1.0000     -0.3750       0.250000
   357     -1.0000      1.0000     -0.5000       0.250000
   358     -1.0000      0.8750     -0.5000       0.500000
   359     -1.0000      0.7500     -0.5000       0.500000
   360     -1.0000      0.7500     -0.3750       0.500000
   361     -1.0000      0.6250     -0.5000       0.500000
   362     -1.0000      0.5000     -0.5000       0.500000
   363     -1.0000      0.5000     -0.3750       0.500000
   364     -1.0000      0.3750     -0.5000       0.500000
   365     -1.0000      0.2500     -0.5000       0.500000
   366     -1.0000      0.2500     -0.3750       0.500000
   367     -1.0000      0.1250     -0.5000       0.500000
   368     -1.0000      0.0000     -0.5000       0.500000
   369     -1.0000      0.0000     -0.3750       0.500000
   370     -1.0000     -0.1250     -0.5000       0.500000
   371     -1.0000     -0.2500     -0.5000       0.500000
   372     -1.0000     -0.2500     -0.3750       0.500000
   373     -1.0000     -0.3750     -0.5000       0.500000
   374     -1.0000     -0.5000     -0.5000       0.500000
   375     -1.0000     -0.5000     -0.3750       0.500000
   376     -1.0000     -0.6250     -0.5000       0.500000
   377     -1.0000     -0.7500     -0.5000       0.500000
   378     -1.0000     -0.7500     -0.3750       0.500000
   379     -1.0000     -0.8750     -0.5000       0.500000
   380     -1.0000     -1.0000     -0.5000       0.250000
   381     -1.0000     -1.0000     -0.3750       0.250000
   382     -1.0000      1.0000     -0.6250       0.250000
   383     -1.0000      1.0000     -0.7500       0.250000
   384     -1.0000      0.8750     -0.7500       0.500000
   385     -1.0000      0.7500     -0.7500       0.500000
   386     -1.0000      0.7500     -0.6250       0.500000
   387     -1.0000      0.6250     -0.7500       0.500000
   388     -1.0000      0.5000     -0.7500       0.500000
   389     -1.0000      0.5000     -0.6250       0.500000
   390     -1.0000      0.3750     -0.7500       0.500000
   391     -1.0000      0.2500     -0.7500       0.500000
   392     -1.0000      0.2500     -0.6250       0.500000
   393     -1.0000      0.1250     -0.7500       0.500000
   394     -1.0000      0.0000     -0.7500       0.500000
   395     -1.0000      0.0000     -0.6250       0.500000
   396     -1.0000     -0.1250     -0.7500       0.500000
   397     -1.0000     -0.2500     -0.7500       0.500000
   398     -1.0000     -0.2500     -0.6250       0.500000
   399     -1.0000     -0.3750     -0.7500       0.500000
   400     -1.0000     -0.5000     -0.7500       0.500000
   401     -1.0000     -0.5000     -0.6250       0.500000
   402     -1.0000     -0.6250     -0.7500       0.500000
   403     -1.0000     -0.7500     -0.7500       0.500000
   404     -1.0000     -0.7500     -0.6250       0.500000
   405     -1.0000     -0.8750     -0.7500       0.500000
   406     -1.0000     -1.0000     -0.7500       0.250000
   407     -1.0000     -1.0000     -0.6250       0.250000
   408     -1.0000      1.0000     -0.8750       0.250000
   409     -1.0000      1.0000     -1.0000       0.125000
   410     -1.0000      0.8750     -1.0000       0.250000
   411     -1.0000      0.7500     -1.0000       0.250000
   412     -1.0000      0.7500     -0.8750       0.500000
   413     -1.0000      0.6250     -1.0000       0.250000
   414     -1.0000      0.5000     -1.0000       0.250000
   415     -1.0000      0.5000     -0.8750       0.500000
   416     -1.0000      0.3750     -1.0000       0.250000
   417     -1.0000      0.2500     -1.0000       0.250000
   418     -1.0000      0.2500     -0.8750       0.500000
   419     -1.0000      0.1250     -1.0000       0.250000
   420     -1.0000      0.0000     -1.0000       0.250000
   421     -1.0000      0.0000     -0.8750       0.500000
   422     -1.0000     -0.1250     -1.0000       0.250000
   423     -1.0000     -0.2500     -1.0000       0.250000
   424     -1.0000     -0.2500     -0.8750       0.500000
   425     -1.0000     -0.3750     -1.0000       0.250000
   426     -1.0000     -0.5000     -1.0000       0.250000
   427     -1.0000     -0.5000     -0.8750       0.500000
   428     -1.0000     -0.6250     -1.0000       0.250000
   429     -1.0000     -0.7500     -1.0000       0.250000
   430     -1.0000     -0.7500     -0.8750       0.500000
   431     -1.0000     -0.8750     -1.0000       0.250000
   432     -1.0000     -1.0000     -1.0000       0.125000
   433     -1.0000     -1.0000     -0.8750       0.250000
   434      0.7500      1.0000     -0.1250       0.500000
   435      0.7500      1.0000     -0.2500       0.500000
   436      0.8750      1.0000     -0.2500       0.500000
   437      0.5000      1.0000     -0.1250       0.500000
   438      0.5000      1.0000     -0.2500       0.500000
   439      0.6250      1.0000     -0.2500       0.500000
   440      0.2500      1.0000     -0.1250       0.500000
   441      0.2500      1.0000     -0.2500       0.500000
   442      0.3750      1.0000     -0.2500       0.500000
   443      0.0000      1.0000     -0.1250       0.500000
   444      0.0000      1.0000     -0.2500       0.500000
   445      0.1250      1.0000     -0.2500       0.500000
   446     -0.2500      1.0000     -0.1250       0.500000
   447     -0.2500      1.0000     -0.2500       0.500000
   448     -0.1250      1.0000     -0.2500       0.500000
   449     -0.5000      1.0000     -0.1250       0.500000
   450     -0.5000      1.0000     -0.2500       0.500000
   451     -0.3750      1.0000     -0.2500       0.500000
   452     -0.7500      1.0000     -0.1250       0.500000
   453     -0.7500      1.0000     -0.2500       0.500000
   454     -0.6250      1.0000     -0.2500       0.500000
   455     -0.8750      1.0000     -0.2500       0.500000
   456      0.7500      1.0000     -0.3750       0.500000
   457      0.7500      1.0000     -0.5000       0.500000
   458      0.8750      1.0000     -0.5000       0.500000
   459      0.5000      1.0000     -0.3750       0.500000
   460      0.5000      1.0000     -0.5000       0.500000
   461      0.6250      1.0000     -0.5000       0.500000
   462      0.2500      1.0000     -0.3750       0.500000
   463      0.2500      1.0000     -0.5000       0.500000
   464      0.3750      1.0000     -0.5000       0.500000
   465      0.0000      1.0000     -0.3750       0.500000
   466      0.0000      1.0000     -0.5000       0.500000
   467      0.1250      1.0000     -0.5000       0.500000
   468     -0.2500      1.0000     -0.3750       0.500000
   469     -0.2500      1.0000     -0.5000       0.500000
   470     -0.1250      1.0000     -0.5000       0.500000
   471     -0.5000      1.0000     -0.3750       0.500000
   472     -0.5000      1.0000     -0.5000       0.500000
   473     -0.3750      1.0000     -0.5000       0.500000
   474     -0.7500      1.0000     -0.3750       0.500000
   475     -0.7500      1.0000     -0.5000       0.500000
   476     -0.6250      1.0000     -0.5000       0.500000
   477     -0.8750      1.0000     -0.5000       0.500000
   478      0.7500      1.0000     -0.6250       0.500000
   479      0.7500      1.0000     -0.7500       0.500000
   480      0.8750      1.0000     -0.7500       0.500000
   481      0.5000      1.0000     -0.6250       0.500000
   482      0.5000      1.0000     -0.7500       0.500000
   483      0.6250      1.0000     -0.7500       0.500000
   484      0.2500      1.0000     -0.6250       0.500000
   485      0.2500      1.0000     -0.7500       0.500000
   486      0.3750      1.0000     -0.7500       0.500000
   487      0.0000      1.0000     -0.6250       0.500000
   488      0.0000      1.0000     -0.7500       0.500000
   489      0.1250      1.0000     -0.7500       0.500000
   490     -0.2500      1.0000     -0.6250       0.500000
   491     -0.2500      1.0000     -0.7500       0.500000
   492     -0.1250      1.0000     -0.7500       0.500000
   493     -0.5000      1.0000     -0.6250       0.500000
   494     -0.5000      1.0000     -0.7500       0.500000
   495     -0.3750      1.0000     -0.7500       0.500000
   496     -0.7500      1.0000     -0.6250       0.500000
   497     -0.7500      1.0000     -0.7500       0.500000
   498     -0.6250      1.0000     -0.7500       0.500000
   499     -0.8750      1.0000     -0.7500       0.500000
   500      0.7500      1.0000     -0.8750       0.500000
   501      0.7500      1.0000     -1.0000       0.250000
   502      0.8750      1.0000     -1.0000       0.250000
   503      0.5000      1.0000     -0.8750       0.500000
   504      0.5000      1.0000     -1.0000       0.250000
   505      0.6250      1.0000     -1.0000       0.250000
   506      0.2500      1.0000     -0.8750       0.500000
   507      0.2500      1.0000     -1.0000       0.250000
   508      0.3750      1.0000     -1.0000       0.250000
   509      0.0000      1.0000     -0.8750       0.500000
   510      0.0000      1.0000     -1.0000       0.250000
   511      0.1250      1.0000     -1.0000       0.250000
   512     -0.2500      1.0000     -0.8750       0.500000
   513     -0.2500      1.0000     -1.0000       0.250000
   514     -0.1250      1.0000     -1.0000       0.250000
   515     -0.5000      1.0000     -0.8750       0.500000
   516     -0.5000      1.0000     -1.0000       0.250000
   517     -0.3750      1.0000     -1.0000       0.250000
   518     -0.7500      1.0000     -0.8750       0.500000
   519     -0.7500      1.0000     -1.0000       0.250000
   520     -0.6250      1.0000     -1.0000       0.250000
   521     -0.8750      1.0000     -1.0000       0.250000
   522      0.7500     -1.0000     -0.1250       0.500000
   523      0.7500     -1.0000     -0.2500       0.500000
   524      0.8750     -1.0000     -0.2500       0.500000
   525      0.5000     -1.0000     -0.1250       0.500000
   526      0.5000     -1.0000     -0.2500       0.500000
   527      0.6250     -1.0000     -0.2500       0.500000
   528      0.2500     -1.0000     -0.1250       0.500000
   529      0.2500     -1.0000     -0.2500       0.500000
   530      0.3750     -1.0000     -0.2500       0.500000
   531      0.0000     -1.0000     -0.1250       0.500000
   532      0.0000     -1.0000     -0.2500       0.500000
   533      0.1250     -1.0000     -0.2500       0.500000
   534     -0.2500     -1.0000     -0.1250       0.500000
   535     -0.2500     -1.0000     -0.2500       0.500000
   536     -0.1250     -1.0000     -0.2500       0.500000
   537     -0.5000     -1.0000     -0.1250       0.500000
   538     -0.5000     -1.0000     -0.2500       0.500000
   539     -0.3750     -1.0000     -0.2500       0.500000
   540     -0.7500     -1.0000     -0.1250       0.500000
   541     -0.7500     -1.0000     -0.2500       0.500000
   542     -0.6250     -1.0000     -0.2500       0.500000
   543     -0.8750     -1.0000     -0.2500       0.500000
   544      0.7500     -1.0000     -0.3750       0.500000
   545      0.7500     -1.0000     -0.5000       0.500000
   546      0.8750     -1.0000     -0.5000       0.500000
   547      0.5000     -1.0000     -0.3750       0.500000
   548      0.5000     -1.0000     -0.5000       0.500000
   549      0.6250     -1.0000     -0.5000       0.500000
   550      0.2500     -1.0000     -0.3750       0.500000
   551      0.2500     -1.0000     -0.5000       0.500000
   552      0.3750     -1.0000     -0.5000       0.500000
   553      0.0000     -1.0000     -0.3750       0.500000
   554      0.0000     -1.0000     -0.5000       0.500000
   555      0.1250     -1.0000     -0.5000       0.500000
   556     -0.2500     -1.0000     -0.3750       0.500000
   557     -0.2500     -1.0000     -0.5000       0.500000
   558     -0.1250     -1.0000     -0.5000       0.500000
   559     -0.5000     -1.0000     -0.3750       0.500000
   560     -0.5000     -1.0000     -0.5000       0.500000
   561     -0.3750     -1.0000     -0.5000       0.500000
   562     -0.7500     -1.0000     -0.3750       0.500000
   563     -0.7500     -1.0000     -0.5000       0.500000
   564     -0.6250     -1.0000     -0.5000       0.500000
   565     -0.8750     -1.0000     -0.5000       0.500000
   566      0.7500     -1.0000     -0.6250       0.500000
   567      0.7500     -1.0000     -0.7500       0.500000
   568      0.8750     -1.0000     -0.7500       0.500000
   569      0.5000     -1.0000     -0.6250       0.500000
   570      0.5000     -1.0000     -0.7500       0.500000
   571      0.6250     -1.0000     -0.7500       0.500000
   572      0.2500     -1.0000     -0.6250       0.500000
   573      0.2500     -1.0000     -0.7500       0.500000
   574      0.3750     -1.0000     -0.7500       0.500000
   575      0.0000     -1.0000     -0.6250       0.500000
   576      0.0000     -1.0000     -0.7500       0.500000
   577      0.1250     -1.0000     -0.7500       0.500000
   578     -0.2500     -1.0000     -0.6250       0.500000
   579     -0.2500     -1.0000     -0.7500       0.500000
   580     -0.1250     -1.0000     -0.7500       0.500000
   581     -0.5000     -1.0000     -0.6250       0.500000
   582     -0.5000     -1.0000     -0.7500       0.500000
   583     -0.3750     -1.0000     -0.7500       0.500000
   584     -0.7500     -1.0000     -0.6250       0.500000
   585     -0.7500     -1.0000     -0.7500       0.500000
   586     -0.6250     -1.0000     -0.7500       0.500000
   587     -0.8750     -1.0000     -0.7500       0.500000
   588      0.7500     -1.0000     -0.8750       0.500000
   589      0.7500     -1.0000     -1.0000       0.250000
   590      0.8750     -1.0000     -1.0000       0.250000
   591      0.5000     -1.0000     -0.8750       0.500000
   592      0.5000     -1.0000     -1.0000       0.250000
   593      0.6250     -1.0000     -1.0000       0.250000
   594      0.2500     -1.0000     -0.8750       0.500000
   595      0.2500     -1.0000     -1.0000       0.250000
   596      0.3750     -1.0000     -1.0000       0.250000
   597      0.0000     -1.0000     -0.8750       0.500000
   598      0.0000     -1.0000     -1.0000       0.250000
   599      0.1250     -1.0000     -1.0000       0.250000
   600     -0.2500     -1.0000     -0.8750       0.500000
   601     -0.2500     -1.0000     -1.0000       0.250000
   602     -0.1250     -1.0000     -1.0000       0.250000
   603     -0.5000     -1.0000     -0.8750       0.500000
   604     -0.5000     -1.0000     -1.0000       0.250000
   605     -0.3750     -1.0000     -1.0000       0.250000
   606     -0.7500     -1.0000     -0.8750       0.500000
   607     -0.7500     -1.0000     -1.0000       0.250000
   608     -0.6250     -1.0000     -1.0000       0.250000
   609     -0.8750     -1.0000     -1.0000       0.250000
   610      0.8750      0.7500     -1.0000       0.500000
   611      0.7500      0.7500     -1.0000       0.500000
   612      0.7500      0.8750     -1.0000       0.500000
   613      0.6250      0.7500     -1.0000       0.500000
   614      0.5000      0.7500     -1.0000       0.500000
   615      0.5000      0.8750     -1.0000       0.500000
   616      0.3750      0.7500     -1.0000       0.500000
   617      0.2500      0.7500     -1.0000       0.500000
   618      0.2500      0.8750     -1.0000       0.500000
   619      0.1250      0.7500     -1.0000       0.500000
   620      0.0000      0.7500     -1.0000       0.500000
   621      0.0000      0.8750     -1.0000       0.500000
   622     -0.1250      0.7500     -1.0000       0.500000
   623     -0.2500      0.7500     -1.0000       0.500000
   624     -0.2500      0.8750     -1.0000       0.500000
   625     -0.3750      0.7500     -1.0000       0.500000
   626     -0.5000      0.7500     -1.0000       0.500000
   627     -0.5000      0.8750     -1.0000       0.500000
   628     -0.6250      0.7500     -1.0000       0.500000
   629     -0.7500      0.7500     -1.0000       0.500000
   630     -0.7500      0.8750     -1.0000       0.500000
   631     -0.8750      0.7500     -1.0000       0.500000
   632      0.8750      0.5000     -1.0000       0.500000
   633      0.7500      0.5000     -1.0000       0.500000
   634      0.7500      0.6250     -1.0000       0.500000
   635      0.6250      0.5000     -1.0000       0.500000
   636      0.5000      0.5000     -1.0000       0.500000
   637      0.5000      0.6250     -1.0000       0.500000
   638      0.3750      0.5000     -1.0000       0.500000
   639      0.2500      0.5000     -1.0000       0.500000
   640      0.2500      0.6250     -1.0000       0.500000
   641      0.1250      0.5000     -1.0000       0.500000
   642      0.0000      0.5000     -1.0000       0.500000
   643      0.0000      0.6250     -1.0000       0.500000
   644     -0.1250      0.5000     -1.0000       0.500000
   645     -0.2500      0.5000     -1.0000       0.500000
   646     -0.2500      0.6250     -1.0000       0.500000
   647     -0.3750      0.5000     -1.0000       0.500000
   648     -0.5000      0.5000     -1.0000       0.500000
   649     -0.5000      0.6250     -1.0000       0.500000
   650     -0.6250      0.5000     -1.0000       0.500000
   651     -0.7500      0.5000     -1.0000       0.500000
   652     -0.7500      0.6250     -1.0000       0.500000
   653     -0.8750      0.5000     -1.0000       0.500000
   654      0.8750      0.2500     -1.0000       0.500000
   655      0.7500      0.2500     -1.0000       0.500000
   656      0.7500      0.3750     -1.0000       0.500000
   657      0.6250      0.2500     -1.0000       0.500000
   658      0.5000      0.2500     -1.0000       0.500000
   659      0.5000      0.3750     -1.0000       0.500000
   660      0.3750      0.2500     -1.0000       0.500000
   661      0.2500      0.2500     -1.0000       0.500000
   662      0.2500      0.3750     -1.0000       0.500000
   663      0.1250      0.2500     -1.0000       0.500000
   664      0.0000      0.2500     -1.0000       0.500000
   665      0.0000      0.3750     -1.0000       0.500000
   666     -0.1250      0.2500     -1.0000       0.500000
   667     -0.2500      0.2500     -1.0000       0.500000
   668     -0.2500      0.3750     -1.0000       0.500000
   669     -0.3750      0.2500     -1.0000       0.500000
   670     -0.5000      0.2500     -1.0000       0.500000
   671     -0.5000      0.3750     -1.0000       0.500000
   672     -0.6250      0.2500     -1.0000       0.500000
   673     -0.7500      0.2500     -1.0000       0.500000
   674     -0.7500      0.3750     -1.0000       0.500000
   675     -0.8750      0.2500     -1.0000       0.500000
   676      0.8750      0.0000     -1.0000       0.500000
   677      0.7500      0.0000     -1.0000       0.500000
   678      0.7500      0.1250     -1.0000       0.500000
   679      0.6250      0.0000     -1.0000       0.500000
   680      0.5000      0.0000     -1.0000       0.500000
   681      0.5000      0.1250     -1.0000       0.500000
   682      0.3750      0.0000     -1.0000       0.500000
   683      0.2500      0.0000     -1.0000       0.500000
   684      0.2500      0.1250     -1.0000       0.500000
   685      0.1250      0.0000     -1.0000       0.500000
   686      0.0000      0.0000     -1.0000       0.500000
   687      0.0000      0.1250     -1.0000       0.500000
   688     -0.1250      0.0000     -1.0000       0.500000
   689     -0.2500      0.0000     -1.0000       0.500000
   690     -0.2500      0.1250     -1.0000       0.500000
   691     -0.3750      0.0000     -1.0000       0.500000
   692     -0.5000      0.0000     -1.0000       0.500000
   693     -0.5000      0.1250     -1.0000       0.500000
   694     -0.6250      0.0000     -1.0000       0.500000
   695     -0.7500      0.0000     -1.0000       0.500000
   696     -0.7500      0.1250     -1.0000       0.500000
   697     -0.8750      0.0000     -1.0000       0.500000
   698      0.8750     -0.2500     -1.0000       0.500000
   699      0.7500     -0.2500     -1.0000       0.500000
   700      0.7500     -0.1250     -1.0000       0.500000
   701      0.6250     -0.2500     -1.0000       0.500000
   702      0.5000     -0.2500     -1.0000       0.500000
   703      0.5000     -0.1250     -1.0000       0.500000
   704      0.3750     -0.2500     -1.0000       0.500000
   705      0.2500     -0.2500     -1.0000       0.500000
   706      0.2500     -0.1250     -1.0000       0.500000
   707      0.1250     -0.2500     -1.0000       0.500000
   708      0.0000     -0.2500     -1.0000       0.500000
   709      0.0000     -0.1250     -1.0000       0.500000
   710     -0.1250     -0.2500     -1.0000       0.500000
   711     -0.2500     -0.2500     -1.0000       0.500000
   712     -0.2500     -0.1250     -1.0000       0.500000
   713     -0.3750     -0.2500     -1.0000       0.500000
   714     -0.5000     -0.2500     -1.0000       0.500000
   715     -0.5000     -0.1250     -1.0000       0.500000
   716     -0.6250     -0.2500     -1.0000       0.500000
   717     -0.7500     -0.2500     -1.0000       0.500000
   718     -0.7500     -0.1250     -1.0000       0.500000
   719     -0.8750     -0.2500     -1.0000       0.500000
   720      0.8750     -0.5000     -1.0000       0.500000
   721      0.7500     -0.5000     -1.0000       0.500000
   722      0.7500     -0.3750     -1.0000       0.500000
   723      0.6250     -0.5000     -1.0000       0.500000
   724      0.5000     -0.5000     -1.0000       0.500000
   725      0.5000     -0.3750     -1.0000       0.500000
   726      0.3750     -0.5000     -1.0000       0.500000
   727      0.2500     -0.5000     -1.0000       0.500000
   728      0.2500     -0.3750     -1.0000       0.500000
   729      0.1250     -0.5000     -1.0000       0.500000
   730      0.0000     -0.5000     -1.0000       0.500000
   731      0.0000     -0.3750     -1.0000       0.500000
   732     -0.1250     -0.5000     -1.0000       0.500000
   733     -0.2500     -0.5000     -1.0000       0.500000
   734     -0.2500     -0.3750     -1.0000       0.500000
   735     -0.3750     -0.5000     -1.0000       0.500000
   736     -0.5000     -0.5000     -1.0000       0.500000
   737     -0.5000     -0.3750     -1.0000       0.500000
   738     -0.6250     -0.5000     -1.0000       0.500000
   739     -0.7500     -0.5000     -1.0000       0.500000
   740     -0.7500     -0.3750     -1.0000       0.500000
   741     -0.8750     -0.5000     -1.0000       0.500000
   742      0.8750     -0.7500     -1.0000       0.500000
   743      0.7500     -0.7500     -1.0000       0.500000
   744      0.7500     -0.6250     -1.0000       0.500000
   745      0.6250     -0.7500     -1.0000       0.500000
   746      0.5000     -0.7500     -1.0000       0.500000
   747      0.5000     -0.6250     -1.0000       0.500000
   748      0.3750     -0.7500     -1.0000       0.500000
   749      0.2500     -0.7500     -1.0000       0.500000
   750      0.2500     -0.6250     -1.0000       0.500000
   751      0.1250     -0.7500     -1.0000       0.500000
   752      0.0000     -0.7500     -1.0000       0.500000
   753      0.0000     -0.6250     -1.0000       0.500000
   754     -0.1250     -0.7500     -1.0000       0.500000
   755     -0.2500     -0.7500     -1.0000       0.500000
   756     -0.2500     -0.6250     -1.0000       0.500000
   757     -0.3750     -0.7500     -1.0000       0.500000
   758     -0.5000     -0.7500     -1.0000       0.500000
   759     -0.5000     -0.6250     -1.0000       0.500000
   760     -0.6250     -0.7500     -1.0000       0.500000
   761     -0.7500     -0.7500     -1.0000       0.500000
   762     -0.7500     -0.6250     -1.0000       0.500000
   763     -0.8750     -0.7500     -1.0000       0.500000
   764      0.7500     -0.8750     -1.0000       0.500000
   765      0.5000     -0.8750     -1.0000       0.500000
   766      0.2500     -0.8750     -1.0000       0.500000
   767      0.0000     -0.8750     -1.0000       0.500000
   768     -0.2500     -0.8750     -1.0000       0.500000
   769     -0.5000     -0.8750     -1.0000       0.500000
   770     -0.7500     -0.8750     -1.0000       0.500000
