94      0.500000      0.437500      0.000000      0.390463      0.871459
   95      0.500000      0.375000      0.000000      0.398681      0.871459
   96      0.500000      0.375000     -0.062500      0.766944      0.793472
   97      0.500000      0.375000     -0.125000      0.701522      0.722465
   98      0.500000      0.437500     -0.125000      0.697720      0.722465
   99      0.500000      0.500000     -0.125000      0.717768      0.722465
  100      0.500000      0.500000     -0.062500      0.786248      0.793472
  101      0.500000      0.312500      0.000000      0.405115      0.871459
  102      0.500000      0.250000     -0.062500      0.774322      0.793472
  103      0.500000      0.250000     -0.125000      0.707052      0.722465
  104      0.500000      0.312500     -0.125000      0.705231      0.722465
  105      0.500000      0.187500      0.000000      0.404884      0.871459
  106      0.500000      0.125000      0.000000      0.399360      0.871459
  107      0.500000      0.125000     -0.062500      0.773765      0.793472
  108      0.500000      0.125000     -0.125000      0.706557      0.722465
  109      0.500000      0.187500     -0.125000      0.707193      0.722465
  110      0.500000      0.062500      0.000000      0.400835      0.871459
  111      0.500000      0.000000     -0.062500      0.771791      0.793472
  112      0.500000      0.000000     -0.125000      0.705937      0.722465
  113      0.500000      0.062500     -0.125000      0.706050      0.722465
  114      0.500000     -0.062500      0.000000      0.400834      0.871459
  115      0.500000     -0.125000      0.000000      0.399358      0.871459
  116      0.500000     -0.125000     -0.062500      0.773763      0.793472
  117      0.500000     -0.125000     -0.125000      0.706556      0.722465
  118      0.500000     -0.062500     -0.125000      0.706050      0.722465
  119      0.500000     -0.187500      0.000000      0.404881      0.871459
  120      0.500000     -0.250000     -0.062500      0.774317      0.793472
  121      0.500000     -0.250000     -0.125000      0.707048      0.722465
  122      0.500000     -0.187500     -0.125000      0.707191      0.722465
  123      0.500000     -0.312500      0.000000      0.405109      0.871459
  124      0.500000     -0.375000      0.000000      0.398673      0.871459
  125      0.500000     -0.375000     -0.062500      0.766934      0.793472
  126      0.500000     -0.375000     -0.125000      0.701513      0.722465
  127      0.500000     -0.312500     -0.125000      0.705224      0.722465
  128      0.500000     -0.437500      0.000000      0.390454      0.871459
  129      0.500000     -0.500000     -0.062500      0.786227      0.793472
  130      0.500000     -0.500000     -0.125000      0.717745      0.722465
  131      0.500000     -0.437500     -0.125000      0.697705      0.722465
  132      0.500000      0.375000     -0.187500      0.643523      0.657811
  133      0.500000      0.375000     -0.250000      0.588651      0.598944
  134      0.500000      0.437500     -0.250000      0.590336      0.598944
  135      0.500000      0.500000     -0.250000      0.596007      0.598944
  136      0.500000      0.500000     -0.187500      0.654448      0.657811
  137      0.500000      0.250000     -0.187500      0.645063      0.657811
  138      0.500000      0.250000     -0.250000      0.588228      0.598944
  139      0.500000      0.312500     -0.250000      0.588220      0.598944
  140      0.500000      0.125000     -0.187500      0.645075      0.657811
  141      0.500000      0.125000     -0.250000      0.588119      0.598944
  142      0.500000      0.187500     -0.250000      0.588211      0.598944
  143      0.500000      0.000000     -0.187500      0.644778      0.657811
  144      0.500000      0.000000     -0.250000      0.587966      0.598944
  145      0.500000      0.062500     -0.250000      0.588004      0.598944
  146      0.500000     -0.125000     -0.187500      0.645075      0.657811
  147      0.500000     -0.125000     -0.250000      0.588120      0.598944
  148      0.500000     -0.062500     -0.250000      0.588005      0.598944
  149      0.500000     -0.250000     -0.187500      0.645060      0.657811
  150      0.500000     -0.250000     -0.250000      0.588228      0.598944
  151      0.500000     -0.187500     -0.250000      0.588212      0.598944
  152      0.500000     -0.375000     -0.187500      0.643514      0.657811
  153      0.500000     -0.375000     -0.250000      0.588643      0.598944
  154      0.500000     -0.312500     -0.250000      0.588216      0.598944
  155      0.500000     -0.500000     -0.187500      0.654423      0.657811
  156      0.500000     -0.500000     -0.250000      0.595980      0.598944
  157      0.500000     -0.437500     -0.250000      0.590322      0.598944
  158      0.500000      0.375000     -0.312500      0.537064      0.545345
  159      0.500000      0.375000     -0.375000      0.489045      0.496542
  160      0.500000      0.437500     -0.375000      0.490266      0.496542
  161      0.500000      0.500000     -0.375000      0.493190      0.496542
  162      0.500000      0.500000     -0.312500      0.542364      0.545345
  163      0.500000      0.250000     -0.312500      0.535952      0.545345
  164      0.500000      0.250000     -0.375000      0.487762      0.496542
  165      0.500000      0.312500     -0.375000      0.488230      0.496542
  166      0.500000      0.125000     -0.312500      0.535638      0.545345
  167      0.500000      0.125000     -0.375000      0.487310      0.496542
  168      0.500000      0.187500     -0.375000      0.487476      0.496542
  169      0.500000      0.000000     -0.312500      0.535518      0.545345
  170      0.500000      0.000000     -0.375000      0.487183      0.496542
  171      0.500000      0.062500     -0.375000      0.487209      0.496542
  172      0.500000     -0.125000     -0.312500      0.535641      0.545345
  173      0.500000     -0.125000     -0.375000      0.487316      0.496542
  174      0.500000     -0.062500     -0.375000      0.487213      0.496542
  175      0.500000     -0.250000     -0.312500      0.535955      0.545345
  176      0.500000     -0.250000     -0.375000      0.487769      0.496542
  177      0.500000     -0.187500     -0.375000      0.487484      0.496542
  178      0.500000     -0.375000     -0.312500      0.537059      0.545345
  179      0.500000     -0.375000     -0.375000      0.489044      0.496542
  180      0.500000     -0.312500     -0.375000      0.488235      0.496542
  181      0.500000     -0.500000     -0.312500      0.542336      0.545345
  182      0.500000     -0.500000     -0.375000      0.493159      0.496542
  183      0.500000     -0.437500     -0.375000      0.490255      0.496542
  184      0.500000      0.375000     -0.437500      0.444516      0.452107
  185      0.500000      0.375000     -0.500000      0.403266      0.411648
  186      0.500000      0.437500     -0.500000      0.404256      0.411648
  187      0.500000      0.500000     -0.500000      0.406533      0.411648
  188      0.500000      0.500000     -0.437500      0.448047      0.452107
  189      0.500000      0.250000     -0.437500      0.443234      0.452107
  190      0.500000      0.250000     -0.500000      0.402015      0.411648
  191      0.500000      0.312500     -0.500000      0.402515      0.411648
  192      0.500000      0.125000     -0.437500      0.442719      0.452107
  193      0.500000      0.125000     -0.500000      0.401489      0.411648
  194      0.500000      0.187500     -0.500000      0.401684      0.411648
  195      0.500000      0.000000     -0.437500      0.442583      0.452107
  196      0.500000      0.000000     -0.500000      0.401354      0.411648
  197      0.500000      0.062500     -0.500000      0.401380      0.411648
  198      0.500000     -0.125000     -0.437500      0.442730      0.452107
  199      0.500000     -0.125000     -0.500000      0.401506      0.411648
  200      0.500000     -0.062500     -0.500000      0.401389      0.411648
  201      0.500000     -0.250000     -0.437500      0.443250      0.452107
  202      0.500000     -0.250000     -0.500000      0.402042      0.411648
  203      0.500000     -0.187500     -0.500000      0.401708      0.411648
  204      0.500000     -0.375000     -0.437500      0.444523      0.452107
  205      0.500000     -0.375000     -0.500000      0.403284      0.411648
  206      0.500000     -0.312500     -0.500000      0.402541      0.411648
  207      0.500000     -0.500000     -0.437500      0.448016      0.452107
  208      0.500000     -0.500000     -0.500000      0.406500      0.411648
  209      0.500000     -0.437500     -0.500000      0.404258      0.411648
  210      0.500000      0.375000     -0.562500      0.364938      0.374810
  211      0.500000      0.375000     -0.625000      0.329161      0.341268
  212      0.500000      0.437500     -0.625000      0.330233      0.341268
  213      0.500000      0.500000     -0.625000      0.332700      0.341268
  214      0.500000      0.500000     -0.562500      0.368216      0.374810
  215      0.500000      0.250000     -0.562500      0.363711      0.374810
  216      0.500000      0.250000     -0.625000      0.327940      0.341268
  217      0.500000      0.312500     -0.625000      0.328409      0.341268
  218      0.500000      0.125000     -0.562500      0.363211      0.374810
  219      0.500000      0.125000     -0.625000      0.327508      0.341268
  220      0.500000      0.187500     -0.625000      0.327656      0.341268
  221      0.500000      0.000000     -0.562500      0.363092      0.374810
  222      0.500000      0.000000     -0.625000      0.327424      0.341268
  223      0.500000      0.062500     -0.625000      0.327435      0.341268
  224      0.500000     -0.125000     -0.562500      0.363236      0.374810
  225      0.500000     -0.125000     -0.625000      0.327544      0.341268
  226      0.500000     -0.062500     -0.625000      0.327453      0.341268
  227      0.500000     -0.250000     -0.562500      0.363755      0.374810
  228      0.500000     -0.250000     -0.625000      0.328008      0.341268
  229      0.500000     -0.187500     -0.625000      0.327710      0.341268
  230      0.500000     -0.375000     -0.562500      0.364976      0.374810
  231      0.500000     -0.375000     -0.625000      0.329232      0.341268
  232      0.500000     -0.312500     -0.625000      0.328485      0.341268
  233      0.500000     -0.500000     -0.562500      0.368182      0.374810
  234      0.500000     -0.500000     -0.625000      0.332665      0.341268
  235      0.500000     -0.437500     -0.625000      0.330276      0.341268
  236      0.500000      0.375000     -0.687500      0.295459      0.310728
  237      0.500000      0.375000     -0.750000      0.263296      0.282921
  238      0.500000      0.437500     -0.750000      0.264753      0.282921
  239      0.500000      0.500000     -0.750000      0.268352      0.282921
  240      0.500000      0.500000     -0.687500      0.299555      0.310728
  241      0.500000      0.250000     -0.687500      0.294260      0.310728
  242      0.500000      0.250000     -0.750000      0.262207      0.282921
  243      0.500000      0.312500     -0.750000      0.262523      0.282921
  244      0.500000      0.125000     -0.687500      0.293962      0.310728
  245      0.500000      0.125000     -0.750000      0.262155      0.282921
  246      0.500000      0.187500     -0.750000      0.262126      0.282921
  247      0.500000      0.000000     -0.687500      0.293941      0.310728
  248      0.500000      0.000000     -0.750000      0.262234      0.282921
  249      0.500000      0.062500     -0.750000      0.262201      0.282921
  250      0.500000     -0.125000     -0.687500      0.294011      0.310728
  251      0.500000     -0.125000     -0.750000      0.262218      0.282921
  252      0.500000     -0.062500     -0.750000      0.262231      0.282921
  253      0.500000     -0.250000     -0.687500      0.294362      0.310728
  254      0.500000     -0.250000     -0.750000      0.262353      0.282921
  255      0.500000     -0.187500     -0.750000      0.262227      0.282921
  256      0.500000     -0.375000     -0.687500      0.295590      0.310728
  257      0.500000     -0.375000     -0.750000      0.263536      0.282921
  258      0.500000     -0.312500     -0.750000      0.262721      0.282921
  259      0.500000     -0.500000     -0.687500      0.299519      0.310728
  260      0.500000     -0.500000     -0.750000      0.268315      0.282921
  261      0.500000     -0.437500     -0.750000      0.264967      0.282921
  262      0.500000      0.375000     -0.812500      0.231916      0.257603
  263      0.500000      0.375000     -0.875000      0.200224      0.234550
  264      0.500000      0.437500     -0.875000      0.202129      0.234550
  265      0.500000      0.500000     -0.875000      0.209525      0.234550
  266      0.500000      0.500000     -0.812500      0.238566      0.257603
  267      0.500000      0.250000     -0.812500      0.231210      0.257603
  268      0.500000      0.250000     -0.875000      0.200575      0.234550
  269      0.500000      0.312500     -0.875000      0.200095      0.234550
  270      0.500000      0.125000     -0.812500      0.231586      0.257603
  271      0.500000      0.125000     -0.875000      0.201625      0.234550
  272      0.500000      0.187500     -0.875000      0.201147      0.234550
  273      0.500000      0.000000     -0.812500      0.231813      0.257603
  274      0.500000      0.000000     -0.875000      0.202050      0.234550
  275      0.500000      0.062500     -0.875000      0.201931      0.234550
  276      0.500000     -0.125000     -0.812500      0.231661      0.257603
  277      0.500000     -0.125000     -0.875000      0.201708      0.234550
  278      0.500000     -0.062500     -0.875000      0.201970      0.234550
  279      0.500000     -0.250000     -0.812500      0.231404      0.257603
  280      0.500000     -0.250000     -0.875000      0.200804      0.234550
  281      0.500000     -0.187500     -0.875000      0.201288      0.234550
  282      0.500000     -0.375000     -0.812500      0.232348      0.257603
  283      0.500000     -0.375000     -0.875000      0.200893      0.234550
  284      0.500000     -0.312500     -0.875000      0.200473      0.234550
  285      0.500000     -0.500000     -0.812500      0.238529      0.257603
  286      0.500000     -0.500000     -0.875000      0.209487      0.234550
  287      0.500000     -0.437500     -0.875000      0.203400      0.234550
  288      0.500000      0.375000     -0.937500      0.166402      0.213560
  289      0.500000      0.375000     -1.000000      0.125469      0.194449
  290      0.500000      0.437500     -1.000000      0.119307      0.194449
  291      0.500000      0.500000     -1.000000      0.144809      0.194449
  292      0.500000      0.500000     -0.937500      0.180012      0.213560
  293      0.500000      0.250000     -0.937500      0.169173      0.213560
  294      0.500000      0.250000     -1.000000      0.132065      0.194449
  295      0.500000      0.312500     -1.000000      0.129412      0.194449
  296      0.500000      0.125000     -0.937500      0.171139      0.213560
  297      0.500000      0.125000     -1.000000      0.135021      0.194449
  298      0.500000      0.187500     -1.000000      0.133857      0.194449
  299      0.500000      0.000000     -0.937500      0.171796      0.213560
  300      0.500000      0.000000     -1.000000      0.135907      0.194449
  301      0.500000      0.062500     -1.000000      0.135682      0.194449
  302      0.500000     -0.125000     -0.937500      0.171221      0.213560
  303      0.500000     -0.125000     -1.000000      0.135095      0.194449
  304      0.500000     -0.062500     -1.000000      0.135716      0.194449
  305      0.500000     -0.250000     -0.937500      0.169400      0.213560
  306      0.500000     -0.250000     -1.000000      0.132255      0.194449
  307      0.500000     -0.187500     -1.000000      0.133980      0.194449
  308      0.500000     -0.375000     -0.937500      0.167064      0.213560
  309      0.500000     -0.375000     -1.000000      0.125835      0.194449
  310      0.500000     -0.312500     -1.000000      0.129695      0.194449
  311      0.500000     -0.500000     -0.937500      0.179975      0.213560
  312      0.500000     -0.500000     -1.000000      0.072386      0.194449
  313      0.500000     -0.437500     -1.000000      0.119126      0.194449
  314     -0.500000      0.375000      0.000000     -0.398673     -0.871459
  315     -0.500000      0.437500      0.000000     -0.390454     -0.871459
  316     -0.500000      0.500000     -0.062500     -0.786227     -0.793472
  317     -0.500000      0.500000     -0.125000     -0.717745     -0.722465
  318     -0.500000      0.437500     -0.125000     -0.697705     -0.722465
  319     -0.500000      0.375000     -0.125000     -0.701513     -0.722465
  320     -0.500000      0.375000     -0.062500     -0.766934     -0.793472
  321     -0.500000      0.312500      0.000000     -0.405109     -0.871459
  322     -0.500000      0.312500     -0.125000     -0.705224     -0.722465
  323     -0.500000      0.250000     -0.125000     -0.707048     -0.722465
  324     -0.500000      0.250000     -0.062500     -0.774317     -0.793472
  325     -0.500000      0.125000      0.000000     -0.399358     -0.871459
  326     -0.500000      0.187500      0.000000     -0.404881     -0.871459
  327     -0.500000      0.187500     -0.125000     -0.707191     -0.722465
  328     -0.500000      0.125000     -0.125000     -0.706556     -0.722465
  329     -0.500000      0.125000     -0.062500     -0.773763     -0.793472
  330     -0.500000      0.062500      0.000000     -0.400834     -0.871459
  331     -0.500000      0.062500     -0.125000     -0.706050     -0.722465
  332     -0.500000      0.000000     -0.125000     -0.705937     -0.722465
  333     -0.500000      0.000000     -0.062500     -0.771791     -0.793472
  334     -0.500000     -0.125000      0.000000     -0.399360     -0.871459
  335     -0.500000     -0.062500      0.000000     -0.400835     -0.871459
  336     -0.500000     -0.062500     -0.125000     -0.706050     -0.722465
  337     -0.500000     -0.125000     -0.125000     -0.706557     -0.722465
  338     -0.500000     -0.125000     -0.062500     -0.773765     -0.793472
  339     -0.500000     -0.187500      0.000000     -0.404884     -0.871459
  340     -0.500000     -0.187500     -0.125000     -0.707193     -0.722465
  341     -0.500000     -0.250000     -0.125000     -0.707052     -0.722465
  342     -0.500000     -0.250000     -0.062500     -0.774322     -0.793472
  343     -0.500000     -0.375000      0.000000     -0.398681     -0.871459
  344     -0.500000     -0.312500      0.000000     -0.405115     -0.871459
  345     -0.500000     -0.312500     -0.125000     -0.705231     -0.722465
  346     -0.500000     -0.375000     -0.125000     -0.701522     -0.722465
  347     -0.500000     -0.375000     -0.062500     -0.766944     -0.793472
  348     -0.500000     -0.437500      0.000000     -0.390463     -0.871459
  349     -0.500000     -0.437500     -0.125000     -0.697720     -0.722465
  350     -0.500000     -0.500000     -0.125000     -0.717768     -0.722465
  351     -0.500000     -0.500000     -0.062500     -0.786248     -0.793472
  352     -0.500000      0.500000     -0.187500     -0.654423     -0.657811
  353     -0.500000      0.500000     -0.250000     -0.595980     -0.598944
  354     -0.500000      0.437500     -0.250000     -0.590322     -0.598944
  355     -0.500000      0.375000     -0.250000     -0.588643     -0.598944
  356     -0.500000      0.375000     -0.187500     -0.643514     -0.657811
  357     -0.500000      0.312500     -0.250000     -0.588216     -0.598944
  358     -0.500000      0.250000     -0.250000     -0.588228     -0.598944
  359     -0.500000      0.250000     -0.187500     -0.645060     -0.657811
  360     -0.500000      0.187500     -0.250000     -0.588212     -0.598944
  361     -0.500000      0.125000     -0.250000     -0.588120     -0.598944
  362     -0.500000      0.125000     -0.187500     -0.645075     -0.657811
  363     -0.500000      0.062500     -0.250000     -0.588005     -0.598944
  364     -0.500000      0.000000     -0.250000     -0.587966     -0.598944
  365     -0.500000      0.000000     -0.187500     -0.644778     -0.657811
  366     -0.500000     -0.062500     -0.250000     -0.588004     -0.598944
  367     -0.500000     -0.125000     -0.250000     -0.588119     -0.598944
  368     -0.500000     -0.125000     -0.187500     -0.645075     -0.657811
  369     -0.500000     -0.187500     -0.250000     -0.588211     -0.598944
  370     -0.500000     -0.250000     -0.250000     -0.588228     -0.598944
  371     -0.500000     -0.250000     -0.187500     -0.645063     -0.657811
  372     -0.500000     -0.312500     -0.250000     -0.588220     -0.598944
  373     -0.500000     -0.375000     -0.250000     -0.588651     -0.598944
  374     -0.500000     -0.375000     -0.187500     -0.643523     -0.657811
  375     -0.500000     -0.437500     -0.250000     -0.590336     -0.598944
  376     -0.500000     -0.500000     -0.250000     -0.596007     -0.598944
  377     -0.500000     -0.500000     -0.187500     -0.654448     -0.657811
  378     -0.500000      0.500000     -0.312500     -0.542336     -0.545345
  379     -0.500000      0.500000     -0.375000     -0.493159     -0.496542
  380     -0.500000      0.437500     -0.375000     -0.490255     -0.496542
  381     -0.500000      0.375000     -0.375000     -0.489044     -0.496542
  382     -0.500000      0.375000     -0.312500     -0.537059     -0.545345
  383     -0.500000      0.312500     -0.375000     -0.488235     -0.496542
  384     -0.500000      0.250000     -0.375000     -0.487769     -0.496542
  385     -0.500000      0.250000     -0.312500     -0.535955     -0.545345
  386     -0.500000      0.187500     -0.375000     -0.487484     -0.496542
  387     -0.500000      0.125000     -0.375000     -0.487316     -0.496542
  388     -0.500000      0.125000     -0.312500     -0.535641     -0.545345
  389     -0.500000      0.062500     -0.375000     -0.487213     -0.496542
  390     -0.500000      0.000000     -0.375000     -0.487183     -0.496542
  391     -0.500000      0.000000     -0.312500     -0.535518     -0.545345
  392     -0.500000     -0.062500     -0.375000     -0.487209     -0.496542
  393     -0.500000     -0.125000     -0.375000     -0.487310     -0.496542
  394     -0.500000     -0.125000     -0.312500     -0.535638     -0.545345
  395     -0.500000     -0.187500     -0.375000     -0.487476     -0.496542
  396     -0.500000     -0.250000     -0.375000     -0.487762     -0.496542
  397     -0.500000     -0.250000     -0.312500     -0.535952     -0.545345
  398     -0.500000     -0.312500     -0.375000     -0.488230     -0.496542
  399     -0.500000     -0.375000     -0.375000     -0.489045     -0.496542
  400     -0.500000     -0.375000     -0.312500     -0.537064     -0.545345
  401     -0.500000     -0.437500     -0.375000     -0.490266     -0.496542
  402     -0.500000     -0.500000     -0.375000     -0.493190     -0.496542
  403     -0.500000     -0.500000     -0.312500     -0.542364     -0.545345
  404     -0.500000      0.500000     -0.437500     -0.448016     -0.452107
  405     -0.500000      0.500000     -0.500000     -0.406500     -0.411648
  406     -0.500000      0.437500     -0.500000     -0.404258     -0.411648
  407     -0.500000      0.375000     -0.500000     -0.403284     -0.411648
  408     -0.500000      0.375000     -0.437500     -0.444523     -0.452107
  409     -0.500000      0.312500     -0.500000     -0.402541     -0.411648
  410     -0.500000      0.250000     -0.500000     -0.402042     -0.411648
  411     -0.500000      0.250000     -0.437500     -0.443250     -0.452107
  412     -0.500000      0.187500     -0.500000     -0.401708     -0.411648
  413     -0.500000      0.125000     -0.500000     -0.401506     -0.411648
  414     -0.500000      0.125000     -0.437500     -0.442730     -0.452107
  415     -0.500000      0.062500     -0.500000     -0.401389     -0.411648
  416     -0.500000      0.000000     -0.500000     -0.401354     -0.411648
  417     -0.500000      0.000000     -0.437500     -0.442583     -0.452107
  418     -0.500000     -0.062500     -0.500000     -0.401380     -0.411648
  419     -0.500000     -0.125000     -0.500000     -0.401489     -0.411648
  420     -0.500000     -0.125000     -0.437500     -0.442719     -0.452107
  421     -0.500000     -0.187500     -0.500000     -0.401684     -0.411648
  422     -0.500000     -0.250000     -0.500000     -0.402015     -0.411648
  423     -0.500000     -0.250000     -0.437500     -0.443234     -0.452107
  424     -0.500000     -0.312500     -0.500000     -0.402515     -0.411648
  425     -0.500000     -0.375000     -0.500000     -0.403266     -0.411648
  426     -0.500000     -0.375000     -0.437500     -0.444516     -0.452107
  427     -0.500000     -0.437500     -0.500000     -0.404256     -0.411648
  428     -0.500000     -0.500000     -0.500000     -0.406533     -0.411648
  429     -0.500000     -0.500000     -0.437500     -0.448047     -0.452107
  430     -0.500000      0.500000     -0.562500     -0.368182     -0.374810
  431     -0.500000      0.500000     -0.625000     -0.332665     -0.341268
  432     -0.500000      0.437500     -0.625000     -0.330276     -0.341268
  433     -0.500000      0.375000     -0.625000     -0.329232     -0.341268
  434     -0.500000      0.375000     -0.562500     -0.364976     -0.374810
  435     -0.500000      0.312500     -0.625000     -0.328485     -0.341268
  436     -0.500000      0.250000     -0.625000     -0.328008     -0.341268
  437     -0.500000      0.250000     -0.562500     -0.363755     -0.374810
  438     -0.500000      0.187500     -0.625000     -0.327710     -0.341268
  439     -0.500000      0.125000     -0.625000     -0.327544     -0.341268
  440     -0.500000      0.125000     -0.562500     -0.363236     -0.374810
  441     -0.500000      0.062500     -0.625000     -0.327453     -0.341268
  442     -0.500000      0.000000     -0.625000     -0.327424     -0.341268
  443     -0.500000      0.000000     -0.562500     -0.363092     -0.374810
  444     -0.500000     -0.062500     -0.625000     -0.327435     -0.341268
  445     -0.500000     -0.125000     -0.625000     -0.327508     -0.341268
  446     -0.500000     -0.125000     -0.562500     -0.363211     -0.374810
  447     -0.500000     -0.187500     -0.625000     -0.327656     -0.341268
  448     -0.500000     -0.250000     -0.625000     -0.327940     -0.341268
  449     -0.500000     -0.250000     -0.562500     -0.363711     -0.374810
  450     -0.500000     -0.312500     -0.625000     -0.328409     -0.341268
  451     -0.500000     -0.375000     -0.625000     -0.329161     -0.341268
  452     -0.500000     -0.375000     -0.562500     -0.364938     -0.374810
  453     -0.500000     -0.437500     -0.625000     -0.330233     -0.341268
  454     -0.500000     -0.500000     -0.625000     -0.332700     -0.341268
  455     -0.500000     -0.500000     -0.562500     -0.368216     -0.374810
  456     -0.500000      0.500000     -0.687500     -0.299519     -0.310728
  457     -0.500000      0.500000     -0.750000     -0.268315     -0.282921
  458     -0.500000      0.437500     -0.750000     -0.264967     -0.282921
  459     -0.500000      0.375000     -0.750000     -0.263536     -0.282921
  460     -0.500000      0.375000     -0.687500     -0.295590     -0.310728
  461     -0.500000      0.312500     -0.750000     -0.262721     -0.282921
  462     -0.500000      0.250000     -0.750000     -0.262353     -0.282921
  463     -0.500000      0.250000     -0.687500     -0.294362     -0.310728
  464     -0.500000      0.187500     -0.750000     -0.262227     -0.282921
  465     -0.500000      0.125000     -0.750000     -0.262218     -0.282921
  466     -0.500000      0.125000     -0.687500     -0.294011     -0.310728
  467     -0.500000      0.062500     -0.750000     -0.262231     -0.282921
  468     -0.500000      0.000000     -0.750000     -0.262234     -0.282921
  469     -0.500000      0.000000     -0.687500     -0.293941     -0.310728
  470     -0.500000     -0.062500     -0.750000     -0.262201     -0.282921
  471     -0.500000     -0.125000     -0.750000     -0.262155     -0.282921
  472     -0.500000     -0.125000     -0.687500     -0.293962     -0.310728
  473     -0.500000     -0.187500     -0.750000     -0.262126     -0.282921
  474     -0.500000     -0.250000     -0.750000     -0.262207     -0.282921
  475     -0.500000     -0.250000     -0.687500     -0.294260     -0.310728
  476     -0.500000     -0.312500     -0.750000     -0.262523     -0.282921
  477     -0.500000     -0.375000     -0.750000     -0.263296     -0.282921
  478     -0.500000     -0.375000     -0.687500     -0.295459     -0.310728
  479     -0.500000     -0.437500     -0.750000     -0.264753     -0.282921
  480     -0.500000     -0.500000     -0.750000     -0.268352     -0.282921
  481     -0.500000     -0.500000     -0.687500     -0.299555     -0.310728
  482     -0.500000      0.500000     -0.812500     -0.238529     -0.257603
  483     -0.500000      0.500000     -0.875000     -0.209487     -0.234550
  484     -0.500000      0.437500     -0.875000     -0.203400     -0.234550
  485     -0.500000      0.375000     -0.875000     -0.200893     -0.234550
  486     -0.500000      0.375000     -0.812500     -0.232348     -0.257603
  487     -0.500000      0.312500     -0.875000     -0.200473     -0.234550
  488     -0.500000      0.250000     -0.875000     -0.200804     -0.234550
  489     -0.500000      0.250000     -0.812500     -0.231404     -0.257603
  490     -0.500000      0.187500     -0.875000     -0.201288     -0.234550
  491     -0.500000      0.125000     -0.875000     -0.201708     -0.234550
  492     -0.500000      0.125000     -0.812500     -0.231661     -0.257603
  493     -0.500000      0.062500     -0.875000     -0.201970     -0.234550
  494     -0.500000      0.000000     -0.875000     -0.202050     -0.234550
  495     -0.500000      0.000000     -0.812500     -0.231813     -0.257603
  496     -0.500000     -0.062500     -0.875000     -0.201931     -0.234550
  497     -0.500000     -0.125000     -0.875000     -0.201625     -0.234550
  498     -0.500000     -0.125000     -0.812500     -0.231586     -0.257603
  499     -0.500000     -0.187500     -0.875000     -0.201147     -0.234550
  500     -0.500000     -0.250000     -0.875000     -0.200575     -0.234550
  501     -0.500000     -0.250000     -0.812500     -0.231210     -0.257603
  502     -0.500000     -0.312500     -0.875000     -0.200095     -0.234550
  503     -0.500000     -0.375000     -0.875000     -0.200224     -0.234550
  504     -0.500000     -0.375000     -0.812500     -0.231916     -0.257603
  505     -0.500000     -0.437500     -0.875000     -0.202129     -0.234550
  506     -0.500000     -0.500000     -0.875000     -0.209525     -0.234550
  507     -0.500000     -0.500000     -0.812500     -0.238566     -0.257603
  508     -0.500000      0.500000     -0.937500     -0.179975     -0.213560
  509     -0.500000      0.500000     -1.000000     -0.072386     -0.194449
  510     -0.500000      0.437500     -1.000000     -0.119126     -0.194449
  511     -0.500000      0.375000     -1.000000     -0.125835     -0.194449
  512     -0.500000      0.375000     -0.937500     -0.167064     -0.213560
  513     -0.500000      0.312500     -1.000000     -0.129695     -0.194449
  514     -0.500000      0.250000     -1.000000     -0.132255     -0.194449
  515     -0.500000      0.250000     -0.937500     -0.169400     -0.213560
  516     -0.500000      0.187500     -1.000000     -0.133980     -0.194449
  517     -0.500000      0.125000     -1.000000     -0.135095     -0.194449
  518     -0.500000      0.125000     -0.937500     -0.171221     -0.213560
  519     -0.500000      0.062500     -1.000000     -0.135716     -0.194449
  520     -0.500000      0.000000     -1.000000     -0.135907     -0.194449
  521     -0.500000      0.000000     -0.937500     -0.171796     -0.213560
  522     -0.500000     -0.062500     -1.000000     -0.135682     -0.194449
  523     -0.500000     -0.125000     -1.000000     -0.135021     -0.194449
  524     -0.500000     -0.125000     -0.937500     -0.171139     -0.213560
  525     -0.500000     -0.187500     -1.000000     -0.133857     -0.194449
  526     -0.500000     -0.250000     -1.000000     -0.132065     -0.194449
  527     -0.500000     -0.250000     -0.937500     -0.169173     -0.213560
  528     -0.500000     -0.312500     -1.000000     -0.129412     -0.194449
  529     -0.500000     -0.375000     -1.000000     -0.125469     -0.194449
  530     -0.500000     -0.375000     -0.937500     -0.166402     -0.213560
  531     -0.500000     -0.437500     -1.000000     -0.119307     -0.194449
  532     -0.500000     -0.500000     -1.000000     -0.144809     -0.194449
  533     -0.500000     -0.500000     -0.937500     -0.180012     -0.213560
  534      0.437500      0.500000      0.000000      0.352057      0.780062
  535      0.375000      0.500000     -0.062500      0.591332      0.620799
  536      0.375000      0.500000     -0.125000      0.548807      0.565244
  537      0.437500      0.500000     -0.125000      0.627436      0.646694
  538      0.312500      0.500000      0.000000      0.276241      0.577579
  539      0.250000      0.500000     -0.062500      0.418749      0.426365
  540      0.250000      0.500000     -0.125000      0.379923      0.388210
  541      0.312500      0.500000     -0.125000      0.467262      0.478830
  542      0.187500      0.500000      0.000000      0.170687      0.354850
  543      0.125000      0.500000     -0.062500      0.210611      0.216986
  544      0.125000      0.500000     -0.125000      0.193901      0.197568
  545      0.187500      0.500000     -0.125000      0.288609      0.294181
  546      0.062500      0.500000      0.000000      0.058126      0.119682
  547      0.000000      0.500000     -0.062500      0.000003      0.000000
  548      0.000000      0.500000     -0.125000      0.000002      0.000000
  549      0.062500      0.500000     -0.125000      0.097514      0.099220
  550     -0.062500      0.500000      0.000000     -0.058119     -0.119682
  551     -0.125000      0.500000     -0.062500     -0.210606     -0.216986
  552     -0.125000      0.500000     -0.125000     -0.193897     -0.197568
  553     -0.062500      0.500000     -0.125000     -0.097510     -0.099220
  554     -0.187500      0.500000      0.000000     -0.170680     -0.354850
  555     -0.250000      0.500000     -0.062500     -0.418742     -0.426365
  556     -0.250000      0.500000     -0.125000     -0.379916     -0.388210
  557     -0.187500      0.500000     -0.125000     -0.288604     -0.294181
  558     -0.312500      0.500000      0.000000     -0.276233     -0.577579
  559     -0.375000      0.500000     -0.062500     -0.591321     -0.620799
  560     -0.375000      0.500000     -0.125000     -0.548796     -0.565244
  561     -0.312500      0.500000     -0.125000     -0.467253     -0.478830
  562     -0.437500      0.500000      0.000000     -0.352047     -0.780062
  563     -0.437500      0.500000     -0.125000     -0.627421     -0.646694
  564      0.375000      0.500000     -0.187500      0.502791      0.514661
  565      0.375000      0.500000     -0.250000      0.459534      0.468604
  566      0.437500      0.500000     -0.250000      0.527967      0.536128
  567      0.250000      0.500000     -0.187500      0.345646      0.353469
  568      0.250000      0.500000     -0.250000      0.314713      0.321837
  569      0.312500      0.500000     -0.250000      0.388479      0.396964
  570      0.125000      0.500000     -0.187500      0.176161      0.179887
  571      0.125000      0.500000     -0.250000      0.160113      0.163789
  572      0.187500      0.500000     -0.250000      0.238428      0.243884
  573      0.000000      0.500000     -0.187500      0.000000      0.000000
  574      0.000000      0.500000     -0.250000     -0.000001      0.000000
  575      0.062500      0.500000     -0.250000      0.080408      0.082256
  576     -0.125000      0.500000     -0.187500     -0.176159     -0.179887
  577     -0.125000      0.500000     -0.250000     -0.160115     -0.163789
  578     -0.062500      0.500000     -0.250000     -0.080410     -0.082256
  579     -0.250000      0.500000     -0.187500     -0.345642     -0.353469
  580     -0.250000      0.500000     -0.250000     -0.314712     -0.321837
  581     -0.187500      0.500000     -0.250000     -0.238428     -0.243884
  582     -0.375000      0.500000     -0.187500     -0.502780     -0.514661
  583     -0.375000      0.500000     -0.250000     -0.459525     -0.468604
  584     -0.312500      0.500000     -0.250000     -0.388474     -0.396964
  585     -0.437500      0.500000     -0.250000     -0.527951     -0.536128
  586      0.375000      0.500000     -0.312500      0.419067      0.426669
  587      0.375000      0.500000     -0.375000      0.381421      0.388486
  588      0.437500      0.500000     -0.375000      0.438215      0.444466
  589      0.250000      0.500000     -0.312500      0.286465      0.293036
  590      0.250000      0.500000     -0.375000      0.260457      0.266812
  591      0.312500      0.500000     -0.375000      0.322031      0.329094
  592      0.125000      0.500000     -0.312500      0.145535      0.149132
  593      0.125000      0.500000     -0.375000      0.132183      0.135786
  594      0.187500      0.500000     -0.375000      0.197040      0.202187
  595      0.000000      0.500000     -0.312500     -0.000004      0.000000
  596      0.000000      0.500000     -0.375000     -0.000007      0.000000
  597      0.062500      0.500000     -0.375000      0.066339      0.068193
  598     -0.125000      0.500000     -0.312500     -0.145542     -0.149132
  599     -0.125000      0.500000     -0.375000     -0.132196     -0.135786
  600     -0.062500      0.500000     -0.375000     -0.066353     -0.068193
  601     -0.250000      0.500000     -0.312500     -0.286468     -0.293036
  602     -0.250000      0.500000     -0.375000     -0.260466     -0.266812
  603     -0.187500      0.500000     -0.375000     -0.197052     -0.202187
  604     -0.375000      0.500000     -0.312500     -0.419061     -0.426669
  605     -0.375000      0.500000     -0.375000     -0.381419     -0.388486
  606     -0.312500      0.500000     -0.375000     -0.322036     -0.329094
  607     -0.437500      0.500000     -0.375000     -0.438203     -0.444466
  608      0.375000      0.500000     -0.437500      0.346471      0.353721
  609      0.375000      0.500000     -0.500000      0.314009      0.322066
  610      0.437500      0.500000     -0.500000      0.361045      0.368475
  611      0.250000      0.500000     -0.437500      0.236383      0.242936
  612      0.250000      0.500000     -0.500000      0.213998      0.221195
  613      0.312500      0.500000     -0.500000      0.264861      0.272829
  614      0.125000      0.500000     -0.437500      0.119864      0.123635
  615      0.125000      0.500000     -0.500000      0.108422      0.112571
  616      0.187500      0.500000     -0.500000      0.161741      0.167619
  617      0.000000      0.500000     -0.437500     -0.000011      0.000000
  618      0.000000      0.500000     -0.500000     -0.000016      0.000000
  619      0.062500      0.500000     -0.500000      0.054385      0.056534
  620     -0.125000      0.500000     -0.437500     -0.119885     -0.123635
  621     -0.125000      0.500000     -0.500000     -0.108455     -0.112571
  622     -0.062500      0.500000     -0.500000     -0.054417     -0.056534
  623     -0.250000      0.500000     -0.437500     -0.236402     -0.242936
  624     -0.250000      0.500000     -0.500000     -0.214030     -0.221195
  625     -0.187500      0.500000     -0.500000     -0.161774     -0.167619
  626     -0.375000      0.500000     -0.437500     -0.346477     -0.353721
  627     -0.375000      0.500000     -0.500000     -0.314027     -0.322066
  628     -0.312500      0.500000     -0.500000     -0.264888     -0.272829
  629     -0.437500      0.500000     -0.500000     -0.361046     -0.368475
  630      0.375000      0.500000     -0.562500      0.283746      0.293245
  631      0.375000      0.500000     -0.625000      0.255361      0.267002
  632      0.437500      0.500000     -0.625000      0.294402      0.305477
  633      0.250000      0.500000     -0.562500      0.193071      0.201401
  634      0.250000      0.500000     -0.625000      0.173370      0.183377
  635      0.312500      0.500000     -0.625000      0.214930      0.226183
  636      0.125000      0.500000     -0.562500      0.097727      0.102497
  637      0.125000      0.500000     -0.625000      0.087658      0.093324
  638      0.187500      0.500000     -0.625000      0.130876      0.138961
  639      0.000000      0.500000     -0.562500     -0.000022      0.000000
  640      0.000000      0.500000     -0.625000     -0.000028      0.000000
  641      0.062500      0.500000     -0.625000      0.043942      0.046868
  642     -0.125000      0.500000     -0.562500     -0.097773     -0.102497
  643     -0.125000      0.500000     -0.625000     -0.087722     -0.093324
  644     -0.062500      0.500000     -0.625000     -0.044001     -0.046868
  645     -0.250000      0.500000     -0.562500     -0.193122     -0.201401
  646     -0.250000      0.500000     -0.625000     -0.173447     -0.183377
  647     -0.187500      0.500000     -0.625000     -0.130946     -0.138961
  648     -0.375000      0.500000     -0.562500     -0.283785     -0.293245
  649     -0.375000      0.500000     -0.625000     -0.255433     -0.267002
  650     -0.312500      0.500000     -0.625000     -0.215010     -0.226183
  651     -0.437500      0.500000     -0.625000     -0.294444     -0.305477
  652      0.375000      0.500000     -0.687500      0.228467      0.243108
  653      0.375000      0.500000     -0.750000      0.202609      0.221353
  654      0.437500      0.500000     -0.750000      0.235074      0.253249
  655      0.250000      0.500000     -0.687500      0.154655      0.166967
  656      0.250000      0.500000     -0.750000      0.136689      0.152025
  657      0.312500      0.500000     -0.750000      0.169844      0.187512
  658      0.125000      0.500000     -0.687500      0.078110      0.084973
  659      0.125000      0.500000     -0.750000      0.068992      0.077369
  660      0.187500      0.500000     -0.750000      0.103066      0.115203
  661      0.000000      0.500000     -0.687500     -0.000035      0.000000
  662      0.000000      0.500000     -0.750000     -0.000042      0.000000
  663      0.062500      0.500000     -0.750000      0.034570      0.038855
  664     -0.125000      0.500000     -0.687500     -0.078192     -0.084973
  665     -0.125000      0.500000     -0.750000     -0.069093     -0.077369
  666     -0.062500      0.500000     -0.750000     -0.034658     -0.038855
  667     -0.250000      0.500000     -0.687500     -0.154769     -0.166967
  668     -0.250000      0.500000     -0.750000     -0.136849     -0.152025
  669     -0.187500      0.500000     -0.750000     -0.103190     -0.115203
  670     -0.375000      0.500000     -0.687500     -0.228599     -0.243108
  671     -0.375000      0.500000     -0.750000     -0.202850     -0.221353
  672     -0.312500      0.500000     -0.750000     -0.170048     -0.187512
  673     -0.437500      0.500000     -0.750000     -0.235287     -0.253249
  674      0.375000      0.500000     -0.812500      0.177191      0.201544
  675      0.375000      0.500000     -0.875000      0.151426      0.183508
  676      0.437500      0.500000     -0.875000      0.177699      0.209951
  677      0.250000      0.500000     -0.812500      0.119255      0.138420
  678      0.250000      0.500000     -0.875000      0.102233      0.126033
  679      0.312500      0.500000     -0.875000      0.126752      0.155453
  680      0.125000      0.500000     -0.812500      0.060247      0.070445
  681      0.125000      0.500000     -0.875000      0.051871      0.064141
  682      0.187500      0.500000     -0.875000      0.077307      0.095506
  683      0.000000      0.500000     -0.812500     -0.000047      0.000000
  684      0.000000      0.500000     -0.875000     -0.000050      0.000000
  685      0.062500      0.500000     -0.875000      0.026023      0.032212
  686     -0.125000      0.500000     -0.812500     -0.060364     -0.070445
  687     -0.125000      0.500000     -0.875000     -0.051997     -0.064141
  688     -0.062500      0.500000     -0.875000     -0.026129     -0.032212
  689     -0.250000      0.500000     -0.812500     -0.119464     -0.138420
  690     -0.250000      0.500000     -0.875000     -0.102476     -0.126033
  691     -0.187500      0.500000     -0.875000     -0.077474     -0.095506
  692     -0.375000      0.500000     -0.812500     -0.177624     -0.201544
  693     -0.375000      0.500000     -0.875000     -0.152097     -0.183508
  694     -0.312500      0.500000     -0.875000     -0.127137     -0.155453
  695     -0.437500      0.500000     -0.875000     -0.178970     -0.209951
  696      0.375000      0.500000     -0.937500      0.124482      0.167086
  697      0.375000      0.500000     -1.000000      0.096945      0.152133
  698      0.437500      0.500000     -1.000000      0.105631      0.174055
  699      0.250000      0.500000     -0.937500      0.085723      0.114755
  700      0.250000      0.500000     -1.000000      0.070177      0.104485
  701      0.312500      0.500000     -1.000000      0.084737      0.128875
  702      0.125000      0.500000     -0.937500      0.043932      0.058401
  703      0.125000      0.500000     -1.000000      0.036570      0.053175
  704      0.187500      0.500000     -1.000000      0.053953      0.079178
  705      0.000000      0.500000     -0.937500     -0.000049      0.000000
  706      0.000000      0.500000     -1.000000     -0.000046      0.000000
  707      0.062500      0.500000     -1.000000      0.018444      0.026705
  708     -0.125000      0.500000     -0.937500     -0.044058     -0.058401
  709     -0.125000      0.500000     -1.000000     -0.036686     -0.053175
  710     -0.062500      0.500000     -1.000000     -0.018543     -0.026705
  711     -0.250000      0.500000     -0.937500     -0.085966     -0.114755
  712     -0.250000      0.500000     -1.000000     -0.070382     -0.104485
  713     -0.187500      0.500000     -1.000000     -0.054102     -0.079178
  714     -0.375000      0.500000     -0.937500     -0.125147     -0.167086
  715     -0.375000      0.500000     -1.000000     -0.097314     -0.152133
  716     -0.312500      0.500000     -1.000000     -0.085028     -0.128875
  717     -0.437500      0.500000     -1.000000     -0.105450     -0.174055
  718      0.437500     -0.500000      0.000000      0.352047      0.780062
  719      0.375000     -0.500000     -0.062500      0.591321      0.620799
  720      0.375000     -0.500000     -0.125000      0.548796      0.565244
  721      0.437500     -0.500000     -0.125000      0.627421      0.646694
  722      0.312500     -0.500000      0.000000      0.276233      0.577579
  723      0.250000     -0.500000     -0.062500      0.418742      0.426365
  724      0.250000     -0.500000     -0.125000      0.379916      0.388210
  725      0.312500     -0.500000     -0.125000      0.467253      0.478830
  726      0.187500     -0.500000      0.000000      0.170680      0.354850
  727      0.125000     -0.500000     -0.062500      0.210606      0.216986
  728      0.125000     -0.500000     -0.125000      0.193897      0.197568
  729      0.187500     -0.500000     -0.125000      0.288604      0.294181
  730      0.062500     -0.500000      0.000000      0.058119      0.119682
  731      0.000000     -0.500000     -0.062500     -0.000003      0.000000
  732      0.000000     -0.500000     -0.125000     -0.000002      0.000000
  733      0.062500     -0.500000     -0.125000      0.097510      0.099220
  734     -0.062500     -0.500000      0.000000     -0.058126     -0.119682
  735     -0.125000     -0.500000     -0.062500     -0.210611     -0.216986
  736     -0.125000     -0.500000     -0.125000     -0.193901     -0.197568
  737     -0.062500     -0.500000     -0.125000     -0.097514     -0.099220
  738     -0.187500     -0.500000      0.000000     -0.170687     -0.354850
  739     -0.250000     -0.500000     -0.062500     -0.418749     -0.426365
  740     -0.250000     -0.500000     -0.125000     -0.379923     -0.388210
  741     -0.187500     -0.500000     -0.125000     -0.288609     -0.294181
  742     -0.312500     -0.500000      0.000000     -0.276241     -0.577579
  743     -0.375000     -0.500000     -0.062500     -0.591332     -0.620799
  744     -0.375000     -0.500000     -0.125000     -0.548807     -0.565244
  745     -0.312500     -0.500000     -0.125000     -0.467262     -0.478830
  746     -0.437500     -0.500000      0.000000     -0.352057     -0.780062
  747     -0.437500     -0.500000     -0.125000     -0.627436     -0.646694
  748      0.375000     -0.500000     -0.187500      0.502780      0.514661
  749      0.375000     -0.500000     -0.250000      0.459525      0.468604
  750      0.437500     -0.500000     -0.250000      0.527951      0.536128
  751      0.250000     -0.500000     -0.187500      0.345642      0.353469
  752      0.250000     -0.500000     -0.250000      0.314712      0.321837
  753      0.312500     -0.500000     -0.250000      0.388474      0.396964
  754      0.125000     -0.500000     -0.187500      0.176159      0.179887
  755      0.125000     -0.500000     -0.250000      0.160115      0.163789
  756      0.187500     -0.500000     -0.250000      0.238428      0.243884
  757      0.000000     -0.500000     -0.187500     -0.000000      0.000000
  758      0.000000     -0.500000     -0.250000      0.000001      0.000000
  759      0.062500     -0.500000     -0.250000      0.080410      0.082256
  760     -0.125000     -0.500000     -0.187500     -0.176161     -0.179887
  761     -0.125000     -0.500000     -0.250000     -0.160113     -0.163789
  762     -0.062500     -0.500000     -0.250000     -0.080408     -0.082256
  763     -0.250000     -0.500000     -0.187500     -0.345646     -0.353469
  764     -0.250000     -0.500000     -0.250000     -0.314713     -0.321837
  765     -0.187500     -0.500000     -0.250000     -0.238428     -0.243884
  766     -0.375000     -0.500000     -0.187500     -0.502791     -0.514661
  767     -0.375000     -0.500000     -0.250000     -0.459534     -0.468604
  768     -0.312500     -0.500000     -0.250000     -0.388479     -0.396964
  769     -0.437500     -0.500000     -0.250000     -0.527967     -0.536128
  770      0.375000     -0.500000     -0.312500      0.419061      0.426669
  771      0.375000     -0.500000     -0.375000      0.381419      0.388486
  772      0.437500     -0.500000     -0.375000      0.438203      0.444466
  773      0.250000     -0.500000     -0.312500      0.286468      0.293036
  774      0.250000     -0.500000     -0.375000      0.260466      0.266812
  775      0.312500     -0.500000     -0.375000      0.322036      0.329094
  776      0.125000     -0.500000     -0.312500      0.145542      0.149132
  777      0.125000     -0.500000     -0.375000      0.132196      0.135786
  778      0.187500     -0.500000     -0.375000      0.197052      0.202187
  779      0.000000     -0.500000     -0.312500      0.000004      0.000000
  780      0.000000     -0.500000     -0.375000      0.000007      0.000000
  781      0.062500     -0.500000     -0.375000      0.066353      0.068193
  782     -0.125000     -0.500000     -0.312500     -0.145535     -0.149132
  783     -0.125000     -0.500000     -0.375000     -0.132183     -0.135786
  784     -0.062500     -0.500000     -0.375000     -0.066339     -0.068193
  785     -0.250000     -0.500000     -0.312500     -0.286465     -0.293036
  786     -0.250000     -0.500000     -0.375000     -0.260457     -0.266812
  787     -0.187500     -0.500000     -0.375000     -0.197040     -0.202187
  788     -0.375000     -0.500000     -0.312500     -0.419067     -0.426669
  789     -0.375000     -0.500000     -0.375000     -0.381421     -0.388486
  790     -0.312500     -0.500000     -0.375000     -0.322031     -0.329094
  791     -0.437500     -0.500000     -0.375000     -0.438215     -0.444466
  792      0.375000     -0.500000     -0.437500      0.346477      0.353721
  793      0.375000     -0.500000     -0.500000      0.314027      0.322066
  794      0.437500     -0.500000     -0.500000      0.361046      0.368475
  795      0.250000     -0.500000     -0.437500      0.236402      0.242936
  796      0.250000     -0.500000     -0.500000      0.214030      0.221195
  797      0.312500     -0.500000     -0.500000      0.264888      0.272829
  798      0.125000     -0.500000     -0.437500      0.119885      0.123635
  799      0.125000     -0.500000     -0.500000      0.108455      0.112571
  800      0.187500     -0.500000     -0.500000      0.161774      0.167619
  801      0.000000     -0.500000     -0.437500      0.000011      0.000000
  802      0.000000     -0.500000     -0.500000      0.000016      0.000000
  803      0.062500     -0.500000     -0.500000      0.054417      0.056534
  804     -0.125000     -0.500000     -0.437500     -0.119864     -0.123635
  805     -0.125000     -0.500000     -0.500000     -0.108422     -0.112571
  806     -0.062500     -0.500000     -0.500000     -0.054385     -0.056534
  807     -0.250000     -0.500000     -0.437500     -0.236383     -0.242936
  808     -0.250000     -0.500000     -0.500000     -0.213998     -0.221195
  809     -0.187500     -0.500000     -0.500000     -0.161741     -0.167619
  810     -0.375000     -0.500000     -0.437500     -0.346471     -0.353721
  811     -0.375000     -0.500000     -0.500000     -0.314009     -0.322066
  812     -0.312500     -0.500000     -0.500000     -0.264861     -0.272829
  813     -0.437500     -0.500000     -0.500000     -0.361045     -0.368475
  814      0.375000     -0.500000     -0.562500      0.283785      0.293245
  815      0.375000     -0.500000     -0.625000      0.255433      0.267002
  816      0.437500     -0.500000     -0.625000      0.294444      0.305477
  817      0.250000     -0.500000     -0.562500      0.193122      0.201401
  818      0.250000     -0.500000     -0.625000      0.173447      0.183377
  819      0.312500     -0.500000     -0.625000      0.215010      0.226183
  820      0.125000     -0.500000     -0.562500      0.097773      0.102497
  821      0.125000     -0.500000     -0.625000      0.087722      0.093324
  822      0.187500     -0.500000     -0.625000      0.130946      0.138961
  823      0.000000     -0.500000     -0.562500      0.000022      0.000000
  824      0.000000     -0.500000     -0.625000      0.000028      0.000000
  825      0.062500     -0.500000     -0.625000      0.044001      0.046868
  826     -0.125000     -0.500000     -0.562500     -0.097727     -0.102497
  827     -0.125000     -0.500000     -0.625000     -0.087658     -0.093324
  828     -0.062500     -0.500000     -0.625000     -0.043942     -0.046868
  829     -0.250000     -0.500000     -0.562500     -0.193071     -0.201401
  830     -0.250000     -0.500000     -0.625000     -0.173370     -0.183377
  831     -0.187500     -0.500000     -0.625000     -0.130876     -0.138961
  832     -0.375000     -0.500000     -0.562500     -0.283746     -0.293245
  833     -0.375000     -0.500000     -0.625000     -0.255361     -0.267002
  834     -0.312500     -0.500000     -0.625000     -0.214930     -0.226183
  835     -0.437500     -0.500000     -0.625000     -0.294402     -0.305477
  836      0.375000     -0.500000     -0.687500      0.228599      0.243108
  837      0.375000     -0.500000     -0.750000      0.202850      0.221353
  838      0.437500     -0.500000     -0.750000      0.235287      0.253249
  839      0.250000     -0.500000     -0.687500      0.154769      0.166967
  840      0.250000     -0.500000     -0.750000      0.136849      0.152025
  841      0.312500     -0.500000     -0.750000      0.170048      0.187512
  842      0.125000     -0.500000     -0.687500      0.078192      0.084973
  843      0.125000     -0.500000     -0.750000      0.069093      0.077369
  844      0.187500     -0.500000     -0.750000      0.103190      0.115203
  845      0.000000     -0.500000     -0.687500      0.000035      0.000000
  846      0.000000     -0.500000     -0.750000      0.000042      0.000000
  847      0.062500     -0.500000     -0.750000      0.034658      0.038855
  848     -0.125000     -0.500000     -0.687500     -0.078110     -0.084973
  849     -0.125000     -0.500000     -0.750000     -0.068992     -0.077369
  850     -0.062500     -0.500000     -0.750000     -0.034570     -0.038855
  851     -0.250000     -0.500000     -0.687500     -0.154655     -0.166967
  852     -0.250000     -0.500000     -0.750000     -0.136689     -0.152025
  853     -0.187500     -0.500000     -0.750000     -0.103066     -0.115203
  854     -0.375000     -0.500000     -0.687500     -0.228467     -0.243108
  855     -0.375000     -0.500000     -0.750000     -0.202609     -0.221353
  856     -0.312500     -0.500000     -0.750000     -0.169844     -0.187512
  857     -0.437500     -0.500000     -0.750000     -0.235074     -0.253249
  858      0.375000     -0.500000     -0.812500      0.177624      0.201544
  859      0.375000     -0.500000     -0.875000      0.152097      0.183508
  860      0.437500     -0.500000     -0.875000      0.178970      0.209951
  861      0.250000     -0.500000     -0.812500      0.119464      0.138420
  862      0.250000     -0.500000     -0.875000      0.102476      0.126033
  863      0.312500     -0.500000     -0.875000      0.127137      0.155453
  864      0.125000     -0.500000     -0.812500      0.060364      0.070445
  865      0.125000     -0.500000     -0.875000      0.051997      0.064141
  866      0.187500     -0.500000     -0.875000      0.077474      0.095506
  867      0.000000     -0.500000     -0.812500      0.000047      0.000000
  868      0.000000     -0.500000     -0.875000      0.000050      0.000000
  869      0.062500     -0.500000     -0.875000      0.026129      0.032212
  870     -0.125000     -0.500000     -0.812500     -0.060247     -0.070445
  871     -0.125000     -0.500000     -0.875000     -0.051871     -0.064141
  872     -0.062500     -0.500000     -0.875000     -0.026023     -0.032212
  873     -0.250000     -0.500000     -0.812500     -0.119255     -0.138420
  874     -0.250000     -0.500000     -0.875000     -0.102233     -0.126033
  875     -0.187500     -0.500000     -0.875000     -0.077307     -0.095506
  876     -0.375000     -0.500000     -0.812500     -0.177191     -0.201544
  877     -0.375000     -0.500000     -0.875000     -0.151426     -0.183508
  878     -0.312500     -0.500000     -0.875000     -0.126752     -0.155453
  879     -0.437500     -0.500000     -0.875000     -0.177699     -0.209951
  880      0.375000     -0.500000     -0.937500      0.125147      0.167086
  881      0.375000     -0.500000     -1.000000      0.097314      0.152133
  882      0.437500     -0.500000     -1.000000      0.105450      0.174055
  883      0.250000     -0.500000     -0.937500      0.085966      0.114755
  884      0.250000     -0.500000     -1.000000      0.070382      0.104485
  885      0.312500     -0.500000     -1.000000      0.085028      0.128875
  886      0.125000     -0.500000     -0.937500      0.044058      0.058401
  887      0.125000     -0.500000     -1.000000      0.036686      0.053175
  888      0.187500     -0.500000     -1.000000      0.054102      0.079178
  889      0.000000     -0.500000     -0.937500      0.000049      0.000000
  890      0.000000     -0.500000     -1.000000      0.000046      0.000000
  891      0.062500     -0.500000     -1.000000      0.018543      0.026705
  892     -0.125000     -0.500000     -0.937500     -0.043932     -0.058401
  893     -0.125000     -0.500000     -1.000000     -0.036570     -0.053175
  894     -0.062500     -0.500000     -1.000000     -0.018444     -0.026705
  895     -0.250000     -0.500000     -0.937500     -0.085723     -0.114755
  896     -0.250000     -0.500000     -1.000000     -0.070177     -0.104485
  897     -0.187500     -0.500000     -1.000000     -0.053953     -0.079178
  898     -0.375000     -0.500000     -0.937500     -0.124482     -0.167086
  899     -0.375000     -0.500000     -1.000000     -0.096945     -0.152133
  900     -0.312500     -0.500000     -1.000000     -0.084737     -0.128875
  901     -0.437500     -0.500000     -1.000000     -0.105631     -0.174055