1      0.500000      0.500000      0.000000      0.872496      1.307188
    2      0.375000      0.500000      0.000000      0.969278      1.022722
    3      0.250000      0.500000      0.000000      0.576603      0.702406
    4      0.250000      0.416667      0.000000      0.867150      0.702406
    5      0.250000      0.333333      0.000000      0.683699      0.702406
    6      0.375000      0.333333      0.000000      1.114385      1.022722
    7      0.500000      0.333333      0.000000      0.577746      1.307188
    8      0.500000      0.416667      0.000000      0.743721      1.307188
    9      0.125000      0.500000      0.000000      0.281530      0.357468
   10      0.000000      0.500000      0.000000      0.000014      0.000000
   11      0.000000      0.416667      0.000000      0.000002      0.000000
   12      0.000000      0.333333      0.000000      0.000011      0.000000
   13      0.125000      0.333333      0.000000      0.339177      0.357468
   14     -0.125000      0.500000      0.000000     -0.281508     -0.357468
   15     -0.250000      0.500000      0.000000     -0.576595     -0.702406
   16     -0.250000      0.416667      0.000000     -0.867166     -0.702406
   17     -0.250000      0.333333      0.000000     -0.683691     -0.702406
   18     -0.125000      0.333333      0.000000     -0.339158     -0.357468
   19     -0.375000      0.500000      0.000000     -0.969311     -1.022722
   20     -0.500000      0.500000      0.000000     -0.872541     -1.307188
   21     -0.500000      0.416667      0.000000     -0.743755     -1.307188
   22     -0.500000      0.333333      0.000000     -0.577755     -1.307188
   23     -0.375000      0.333333      0.000000     -1.114401     -1.022722
   24      0.250000      0.250000      0.000000      0.639444      0.702406
   25      0.250000      0.166667      0.000000      0.626897      0.702406
   26      0.375000      0.166667      0.000000      1.036597      1.022722
   27      0.500000      0.166667      0.000000      0.522083      1.307188
   28      0.500000      0.250000      0.000000      1.030230      1.307188
   29      0.000000      0.250000      0.000000      0.000013      0.000000
   30      0.000000      0.166667      0.000000      0.000010      0.000000
   31      0.125000      0.166667      0.000000      0.309554      0.357468
   32     -0.250000      0.250000      0.000000     -0.639429     -0.702406
   33     -0.250000      0.166667      0.000000     -0.626882     -0.702406
   34     -0.125000      0.166667      0.000000     -0.309535     -0.357468
   35     -0.500000      0.250000      0.000000     -1.030231     -1.307188
   36     -0.500000      0.166667      0.000000     -0.522080     -1.307188
   37     -0.375000      0.166667      0.000000     -1.036592     -1.022722
   38      0.250000      0.083333      0.000000      0.617116      0.702406
   39      0.250000      0.000000      0.000000      0.617947      0.702406
   40      0.375000      0.000000      0.000000      1.019431      1.022722
   41      0.500000      0.000000      0.000000      0.982408      1.307188
   42      0.500000      0.083333      0.000000      0.512089      1.307188
   43      0.000000      0.083333      0.000000      0.000006      0.000000
   44      0.000000      0.000000      0.000000     -0.000000      0.000000
   45      0.125000      0.000000      0.000000      0.304604      0.357468
   46     -0.250000      0.083333      0.000000     -0.617108     -0.702406
   47     -0.250000      0.000000      0.000000     -0.617947     -0.702406
   48     -0.125000      0.000000      0.000000     -0.304604     -0.357468
   49     -0.500000      0.083333      0.000000     -0.512087     -1.307188
   50     -0.500000      0.000000      0.000000     -0.982408     -1.307188
   51     -0.375000      0.000000      0.000000     -1.019431     -1.022722
   52      0.250000     -0.083333      0.000000      0.617108      0.702406
   53      0.250000     -0.166667      0.000000      0.626882      0.702406
   54      0.375000     -0.166667      0.000000      1.036592      1.022722
   55      0.500000     -0.166667      0.000000      0.522080      1.307188
   56      0.500000     -0.083333      0.000000      0.512087      1.307188
   57      0.000000     -0.083333      0.000000     -0.000006      0.000000
   58      0.000000     -0.166667      0.000000     -0.000010      0.000000
   59      0.125000     -0.166667      0.000000      0.309535      0.357468
   60     -0.250000     -0.083333      0.000000     -0.617116     -0.702406
   61     -0.250000     -0.166667      0.000000     -0.626897     -0.702406
   62     -0.125000     -0.166667      0.000000     -0.309554     -0.357468
   63     -0.500000     -0.083333      0.000000     -0.512089     -1.307188
   64     -0.500000     -0.166667      0.000000     -0.522083     -1.307188
   65     -0.375000     -0.166667      0.000000     -1.036597     -1.022722
   66      0.250000     -0.250000      0.000000      0.639429      0.702406
   67      0.250000     -0.333333      0.000000      0.683691      0.702406
   68      0.375000     -0.333333      0.000000      1.114401      1.022722
   69      0.500000     -0.333333      0.000000      0.577755      1.307188
   70      0.500000     -0.250000      0.000000      1.030231      1.307188
   71      0.000000     -0.250000      0.000000     -0.000013      0.000000
   72      0.000000     -0.333333      0.000000     -0.000011      0.000000
   73      0.125000     -0.333333      0.000000      0.339158      0.357468
   74     -0.250000     -0.250000      0.000000     -0.639444     -0.702406
   75     -0.250000     -0.333333      0.000000     -0.683699     -0.702406
   76     -0.125000     -0.333333      0.000000     -0.339177     -0.357468
   77     -0.500000     -0.250000      0.000000     -1.030230     -1.307188
   78     -0.500000     -0.333333      0.000000     -0.577746     -1.307188
   79     -0.375000     -0.333333      0.000000     -1.114385     -1.022722
   80      0.250000     -0.416667      0.000000      0.867166      0.702406
   81      0.250000     -0.500000      0.000000      0.576595      0.702406
   82      0.375000     -0.500000      0.000000      0.969311      1.022722
   83      0.500000     -0.500000      0.000000      0.872541      1.307188
   84      0.500000     -0.416667      0.000000      0.743755      1.307188
   85      0.000000     -0.416667      0.000000     -0.000002      0.000000
   86      0.000000     -0.500000      0.000000     -0.000014      0.000000
   87      0.125000     -0.500000      0.000000      0.281508      0.357468
   88     -0.250000     -0.416667      0.000000     -0.867150     -0.702406
   89     -0.250000     -0.500000      0.000000     -0.576603     -0.702406
   90     -0.125000     -0.500000      0.000000     -0.281530     -0.357468
   91     -0.500000     -0.416667      0.000000     -0.743721     -1.307188
   92     -0.500000     -0.500000      0.000000     -0.872496     -1.307188
   93     -0.375000     -0.500000      0.000000     -0.969278     -1.022722