94      0.500000      0.437500      0.000000      0.391980      0.871459
   95      0.500000      0.375000      0.000000      0.400290      0.871459
   96      0.500000      0.375000     -0.062500      0.768395      0.793472
   97      0.500000      0.375000     -0.125000      0.702783      0.722465
   98      0.500000      0.437500     -0.125000      0.699003      0.722465
   99      0.500000      0.500000     -0.125000      0.719088      0.722465
  100      0.500000      0.500000     -0.062500      0.787793      0.793472
  101      0.500000      0.312500      0.000000      0.406908      0.871459
  102      0.500000      0.250000     -0.062500      0.775945      0.793472
  103      0.500000      0.250000     -0.125000      0.708363      0.722465
  104      0.500000      0.312500     -0.125000      0.706514      0.722465
  105      0.500000      0.187500      0.000000      0.406794      0.871459
  106      0.500000      0.125000      0.000000      0.401215      0.871459
  107      0.500000      0.125000     -0.062500      0.775337      0.793472
  108      0.500000      0.125000     -0.125000      0.707866      0.722465
  109      0.500000      0.187500     -0.125000      0.708510      0.722465
  110      0.500000      0.062500      0.000000      0.402713      0.871459
  111      0.500000      0.000000     -0.062500      0.773333      0.793472
  112      0.500000      0.000000     -0.125000      0.707234      0.722465
  113      0.500000      0.062500     -0.125000      0.707351      0.722465
  114      0.500000     -0.062500      0.000000      0.402712      0.871459
  115      0.500000     -0.125000      0.000000      0.401213      0.871459
  116      0.500000     -0.125000     -0.062500      0.775336      0.793472
  117      0.500000     -0.125000     -0.125000      0.707864      0.722465
  118      0.500000     -0.062500     -0.125000      0.707351      0.722465
  119      0.500000     -0.187500      0.000000      0.406791      0.871459
  120      0.500000     -0.250000     -0.062500      0.775940      0.793472
  121      0.500000     -0.250000     -0.125000      0.708359      0.722465
  122      0.500000     -0.187500     -0.125000      0.708508      0.722465
  123      0.500000     -0.312500      0.000000      0.406902      0.871459
  124      0.500000     -0.375000      0.000000      0.400282      0.871459
  125      0.500000     -0.375000     -0.062500      0.768386      0.793472
  126      0.500000     -0.375000     -0.125000      0.702773      0.722465
  127      0.500000     -0.312500     -0.125000      0.706508      0.722465
  128      0.500000     -0.437500      0.000000      0.391970      0.871459
  129      0.500000     -0.500000     -0.062500      0.787772      0.793472
  130      0.500000     -0.500000     -0.125000      0.719065      0.722465
  131      0.500000     -0.437500     -0.125000      0.698988      0.722465
  132      0.500000      0.375000     -0.187500      0.644593      0.657811
  133      0.500000      0.375000     -0.250000      0.589550      0.598944
  134      0.500000      0.437500     -0.250000      0.591245      0.598944
  135      0.500000      0.500000     -0.250000      0.596946      0.598944
  136      0.500000      0.500000     -0.187500      0.655565      0.657811
  137      0.500000      0.250000     -0.187500      0.646146      0.657811
  138      0.500000      0.250000     -0.250000      0.589128      0.598944
  139      0.500000      0.312500     -0.250000      0.589117      0.598944
  140      0.500000      0.125000     -0.187500      0.646162      0.657811
  141      0.500000      0.125000     -0.250000      0.589021      0.598944
  142      0.500000      0.187500     -0.250000      0.589113      0.598944
  143      0.500000      0.000000     -0.187500      0.645861      0.657811
  144      0.500000      0.000000     -0.250000      0.588868      0.598944
  145      0.500000      0.062500     -0.250000      0.588907      0.598944
  146      0.500000     -0.125000     -0.187500      0.646162      0.657811
  147      0.500000     -0.125000     -0.250000      0.589023      0.598944
  148      0.500000     -0.062500     -0.250000      0.588907      0.598944
  149      0.500000     -0.250000     -0.187500      0.646143      0.657811
  150      0.500000     -0.250000     -0.250000      0.589128      0.598944
  151      0.500000     -0.187500     -0.250000      0.589114      0.598944
  152      0.500000     -0.375000     -0.187500      0.644583      0.657811
  153      0.500000     -0.375000     -0.250000      0.589542      0.598944
  154      0.500000     -0.312500     -0.250000      0.589114      0.598944
  155      0.500000     -0.500000     -0.187500      0.655540      0.657811
  156      0.500000     -0.500000     -0.250000      0.596919      0.598944
  157      0.500000     -0.437500     -0.250000      0.591230      0.598944
  158      0.500000      0.375000     -0.312500      0.537818      0.545345
  159      0.500000      0.375000     -0.375000      0.489676      0.496542
  160      0.500000      0.437500     -0.375000      0.490905      0.496542
  161      0.500000      0.500000     -0.375000      0.493850      0.496542
  162      0.500000      0.500000     -0.312500      0.543153      0.545345
  163      0.500000      0.250000     -0.312500      0.536702      0.545345
  164      0.500000      0.250000     -0.375000      0.488386      0.496542
  165      0.500000      0.312500     -0.375000      0.488856      0.496542
  166      0.500000      0.125000     -0.312500      0.536388      0.545345
  167      0.500000      0.125000     -0.375000      0.487934      0.496542
  168      0.500000      0.187500     -0.375000      0.488100      0.496542
  169      0.500000      0.000000     -0.312500      0.536268      0.545345
  170      0.500000      0.000000     -0.375000      0.487807      0.496542
  171      0.500000      0.062500     -0.375000      0.487833      0.496542
  172      0.500000     -0.125000     -0.312500      0.536392      0.545345
  173      0.500000     -0.125000     -0.375000      0.487940      0.496542
  174      0.500000     -0.062500     -0.375000      0.487836      0.496542
  175      0.500000     -0.250000     -0.312500      0.536705      0.545345
  176      0.500000     -0.250000     -0.375000      0.488394      0.496542
  177      0.500000     -0.187500     -0.375000      0.488108      0.496542
  178      0.500000     -0.375000     -0.312500      0.537812      0.545345
  179      0.500000     -0.375000     -0.375000      0.489675      0.496542
  180      0.500000     -0.312500     -0.375000      0.488861      0.496542
  181      0.500000     -0.500000     -0.312500      0.543124      0.545345
  182      0.500000     -0.500000     -0.375000      0.493820      0.496542
  183      0.500000     -0.437500     -0.375000      0.490894      0.496542
  184      0.500000      0.375000     -0.437500      0.445044      0.452107
  185      0.500000      0.375000     -0.500000      0.403707      0.411648
  186      0.500000      0.437500     -0.500000      0.404704      0.411648
  187      0.500000      0.500000     -0.500000      0.406997      0.411648
  188      0.500000      0.500000     -0.437500      0.448600      0.452107
  189      0.500000      0.250000     -0.437500      0.443755      0.452107
  190      0.500000      0.250000     -0.500000      0.402450      0.411648
  191      0.500000      0.312500     -0.500000      0.402952      0.411648
  192      0.500000      0.125000     -0.437500      0.443239      0.452107
  193      0.500000      0.125000     -0.500000      0.401921      0.411648
  194      0.500000      0.187500     -0.500000      0.402117      0.411648
  195      0.500000      0.000000     -0.437500      0.443102      0.452107
  196      0.500000      0.000000     -0.500000      0.401786      0.411648
  197      0.500000      0.062500     -0.500000      0.401812      0.411648
  198      0.500000     -0.125000     -0.437500      0.443249      0.452107
  199      0.500000     -0.125000     -0.500000      0.401938      0.411648
  200      0.500000     -0.062500     -0.500000      0.401821      0.411648
  201      0.500000     -0.250000     -0.437500      0.443771      0.452107
  202      0.500000     -0.250000     -0.500000      0.402477      0.411648
  203      0.500000     -0.187500     -0.500000      0.402141      0.411648
  204      0.500000     -0.375000     -0.437500      0.445050      0.452107
  205      0.500000     -0.375000     -0.500000      0.403726      0.411648
  206      0.500000     -0.312500     -0.500000      0.402978      0.411648
  207      0.500000     -0.500000     -0.437500      0.448569      0.452107
  208      0.500000     -0.500000     -0.500000      0.406964      0.411648
  209      0.500000     -0.437500     -0.500000      0.404706      0.411648
  210      0.500000      0.375000     -0.562500      0.365308      0.374810
  211      0.500000      0.375000     -0.625000      0.329470      0.341268
  212      0.500000      0.437500     -0.625000      0.330548      0.341268
  213      0.500000      0.500000     -0.625000      0.333026      0.341268
  214      0.500000      0.500000     -0.562500      0.368604      0.374810
  215      0.500000      0.250000     -0.562500      0.364074      0.374810
  216      0.500000      0.250000     -0.625000      0.328243      0.341268
  217      0.500000      0.312500     -0.625000      0.328714      0.341268
  218      0.500000      0.125000     -0.562500      0.363571      0.374810
  219      0.500000      0.125000     -0.625000      0.327808      0.341268
  220      0.500000      0.187500     -0.625000      0.327958      0.341268
  221      0.500000      0.000000     -0.562500      0.363452      0.374810
  222      0.500000      0.000000     -0.625000      0.327724      0.341268
  223      0.500000      0.062500     -0.625000      0.327735      0.341268
  224      0.500000     -0.125000     -0.562500      0.363597      0.374810
  225      0.500000     -0.125000     -0.625000      0.327844      0.341268
  226      0.500000     -0.062500     -0.625000      0.327753      0.341268
  227      0.500000     -0.250000     -0.562500      0.364118      0.374810
  228      0.500000     -0.250000     -0.625000      0.328311      0.341268
  229      0.500000     -0.187500     -0.625000      0.328011      0.341268
  230      0.500000     -0.375000     -0.562500      0.365346      0.374810
  231      0.500000     -0.375000     -0.625000      0.329541      0.341268
  232      0.500000     -0.312500     -0.625000      0.328790      0.341268
  233      0.500000     -0.500000     -0.562500      0.368570      0.374810
  234      0.500000     -0.500000     -0.625000      0.332991      0.341268
  235      0.500000     -0.437500     -0.625000      0.330590      0.341268
  236      0.500000      0.375000     -0.687500      0.295717      0.310728
  237      0.500000      0.375000     -0.750000      0.263512      0.282921
  238      0.500000      0.437500     -0.750000      0.264974      0.282921
  239      0.500000      0.500000     -0.750000      0.268583      0.282921
  240      0.500000      0.500000     -0.687500      0.299829      0.310728
  241      0.500000      0.250000     -0.687500      0.294513      0.310728
  242      0.500000      0.250000     -0.750000      0.262418      0.282921
  243      0.500000      0.312500     -0.750000      0.262736      0.282921
  244      0.500000      0.125000     -0.687500      0.294212      0.310728
  245      0.500000      0.125000     -0.750000      0.262364      0.282921
  246      0.500000      0.187500     -0.750000      0.262336      0.282921
  247      0.500000      0.000000     -0.687500      0.294191      0.310728
  248      0.500000      0.000000     -0.750000      0.262443      0.282921
  249      0.500000      0.062500     -0.750000      0.262410      0.282921
  250      0.500000     -0.125000     -0.687500      0.294261      0.310728
  251      0.500000     -0.125000     -0.750000      0.262427      0.282921
  252      0.500000     -0.062500     -0.750000      0.262440      0.282921
  253      0.500000     -0.250000     -0.687500      0.294615      0.310728
  254      0.500000     -0.250000     -0.750000      0.262564      0.282921
  255      0.500000     -0.187500     -0.750000      0.262437      0.282921
  256      0.500000     -0.375000     -0.687500      0.295849      0.310728
  257      0.500000     -0.375000     -0.750000      0.263752      0.282921
  258      0.500000     -0.312500     -0.750000      0.262934      0.282921
  259      0.500000     -0.500000     -0.687500      0.299793      0.310728
  260      0.500000     -0.500000     -0.750000      0.268546      0.282921
  261      0.500000     -0.437500     -0.750000      0.265188      0.282921
  262      0.500000      0.375000     -0.812500      0.232096      0.257603
  263      0.500000      0.375000     -0.875000      0.200373      0.234550
  264      0.500000      0.437500     -0.875000      0.202282      0.234550
  265      0.500000      0.500000     -0.875000      0.209690      0.234550
  266      0.500000      0.500000     -0.812500      0.238761      0.257603
  267      0.500000      0.250000     -0.812500      0.231386      0.257603
  268      0.500000      0.250000     -0.875000      0.200721      0.234550
  269      0.500000      0.312500     -0.875000      0.200242      0.234550
  270      0.500000      0.125000     -0.812500      0.231760      0.257603
  271      0.500000      0.125000     -0.875000      0.201771      0.234550
  272      0.500000      0.187500     -0.875000      0.201292      0.234550
  273      0.500000      0.000000     -0.812500      0.231987      0.257603
  274      0.500000      0.000000     -0.875000      0.202195      0.234550
  275      0.500000      0.062500     -0.875000      0.202076      0.234550
  276      0.500000     -0.125000     -0.812500      0.231836      0.257603
  277      0.500000     -0.125000     -0.875000      0.201853      0.234550
  278      0.500000     -0.062500     -0.875000      0.202115      0.234550
  279      0.500000     -0.250000     -0.812500      0.231580      0.257603
  280      0.500000     -0.250000     -0.875000      0.200950      0.234550
  281      0.500000     -0.187500     -0.875000      0.201433      0.234550
  282      0.500000     -0.375000     -0.812500      0.232528      0.257603
  283      0.500000     -0.375000     -0.875000      0.201042      0.234550
  284      0.500000     -0.312500     -0.875000      0.200620      0.234550
  285      0.500000     -0.500000     -0.812500      0.238724      0.257603
  286      0.500000     -0.500000     -0.875000      0.209652      0.234550
  287      0.500000     -0.437500     -0.875000      0.203555      0.234550
  288      0.500000      0.375000     -0.937500      0.166523      0.213560
  289      0.500000      0.375000     -1.000000      0.125564      0.194449
  290      0.500000      0.437500     -1.000000      0.119400      0.194449
  291      0.500000      0.500000     -1.000000      0.144929      0.194449
  292      0.500000      0.500000     -0.937500      0.180153      0.213560
  293      0.500000      0.250000     -0.937500      0.169293      0.213560
  294      0.500000      0.250000     -1.000000      0.132164      0.194449
  295      0.500000      0.312500     -1.000000      0.129509      0.194449
  296      0.500000      0.125000     -0.937500      0.171259      0.213560
  297      0.500000      0.125000     -1.000000      0.135122      0.194449
  298      0.500000      0.187500     -1.000000      0.133957      0.194449
  299      0.500000      0.000000     -0.937500      0.171917      0.213560
  300      0.500000      0.000000     -1.000000      0.136008      0.194449
  301      0.500000      0.062500     -1.000000      0.135782      0.194449
  302      0.500000     -0.125000     -0.937500      0.171342      0.213560
  303      0.500000     -0.125000     -1.000000      0.135196      0.194449
  304      0.500000     -0.062500     -1.000000      0.135817      0.194449
  305      0.500000     -0.250000     -0.937500      0.169521      0.213560
  306      0.500000     -0.250000     -1.000000      0.132354      0.194449
  307      0.500000     -0.187500     -1.000000      0.134080      0.194449
  308      0.500000     -0.375000     -0.937500      0.167186      0.213560
  309      0.500000     -0.375000     -1.000000      0.125931      0.194449
  310      0.500000     -0.312500     -1.000000      0.129793      0.194449
  311      0.500000     -0.500000     -0.937500      0.180115      0.213560
  312      0.500000     -0.500000     -1.000000      0.072446      0.194449
  313      0.500000     -0.437500     -1.000000      0.119219      0.194449
  314     -0.500000      0.375000      0.000000     -0.400282     -0.871459
  315     -0.500000      0.437500      0.000000     -0.391970     -0.871459
  316     -0.500000      0.500000     -0.062500     -0.787772     -0.793472
  317     -0.500000      0.500000     -0.125000     -0.719065     -0.722465
  318     -0.500000      0.437500     -0.125000     -0.698988     -0.722465
  319     -0.500000      0.375000     -0.125000     -0.702773     -0.722465
  320     -0.500000      0.375000     -0.062500     -0.768386     -0.793472
  321     -0.500000      0.312500      0.000000     -0.406902     -0.871459
  322     -0.500000      0.312500     -0.125000     -0.706508     -0.722465
  323     -0.500000      0.250000     -0.125000     -0.708359     -0.722465
  324     -0.500000      0.250000     -0.062500     -0.775940     -0.793472
  325     -0.500000      0.125000      0.000000     -0.401213     -0.871459
  326     -0.500000      0.187500      0.000000     -0.406791     -0.871459
  327     -0.500000      0.187500     -0.125000     -0.708508     -0.722465
  328     -0.500000      0.125000     -0.125000     -0.707864     -0.722465
  329     -0.500000      0.125000     -0.062500     -0.775336     -0.793472
  330     -0.500000      0.062500      0.000000     -0.402712     -0.871459
  331     -0.500000      0.062500     -0.125000     -0.707351     -0.722465
  332     -0.500000      0.000000     -0.125000     -0.707234     -0.722465
  333     -0.500000      0.000000     -0.062500     -0.773333     -0.793472
  334     -0.500000     -0.125000      0.000000     -0.401215     -0.871459
  335     -0.500000     -0.062500      0.000000     -0.402713     -0.871459
  336     -0.500000     -0.062500     -0.125000     -0.707351     -0.722465
  337     -0.500000     -0.125000     -0.125000     -0.707866     -0.722465
  338     -0.500000     -0.125000     -0.062500     -0.775337     -0.793472
  339     -0.500000     -0.187500      0.000000     -0.406794     -0.871459
  340     -0.500000     -0.187500     -0.125000     -0.708510     -0.722465
  341     -0.500000     -0.250000     -0.125000     -0.708363     -0.722465
  342     -0.500000     -0.250000     -0.062500     -0.775945     -0.793472
  343     -0.500000     -0.375000      0.000000     -0.400290     -0.871459
  344     -0.500000     -0.312500      0.000000     -0.406908     -0.871459
  345     -0.500000     -0.312500     -0.125000     -0.706514     -0.722465
  346     -0.500000     -0.375000     -0.125000     -0.702783     -0.722465
  347     -0.500000     -0.375000     -0.062500     -0.768395     -0.793472
  348     -0.500000     -0.437500      0.000000     -0.391980     -0.871459
  349     -0.500000     -0.437500     -0.125000     -0.699003     -0.722465
  350     -0.500000     -0.500000     -0.125000     -0.719088     -0.722465
  351     -0.500000     -0.500000     -0.062500     -0.787793     -0.793472
  352     -0.500000      0.500000     -0.187500     -0.655540     -0.657811
  353     -0.500000      0.500000     -0.250000     -0.596919     -0.598944
  354     -0.500000      0.437500     -0.250000     -0.591230     -0.598944
  355     -0.500000      0.375000     -0.250000     -0.589542     -0.598944
  356     -0.500000      0.375000     -0.187500     -0.644583     -0.657811
  357     -0.500000      0.312500     -0.250000     -0.589114     -0.598944
  358     -0.500000      0.250000     -0.250000     -0.589128     -0.598944
  359     -0.500000      0.250000     -0.187500     -0.646143     -0.657811
  360     -0.500000      0.187500     -0.250000     -0.589114     -0.598944
  361     -0.500000      0.125000     -0.250000     -0.589023     -0.598944
  362     -0.500000      0.125000     -0.187500     -0.646162     -0.657811
  363     -0.500000      0.062500     -0.250000     -0.588907     -0.598944
  364     -0.500000      0.000000     -0.250000     -0.588868     -0.598944
  365     -0.500000      0.000000     -0.187500     -0.645861     -0.657811
  366     -0.500000     -0.062500     -0.250000     -0.588907     -0.598944
  367     -0.500000     -0.125000     -0.250000     -0.589021     -0.598944
  368     -0.500000     -0.125000     -0.187500     -0.646162     -0.657811
  369     -0.500000     -0.187500     -0.250000     -0.589113     -0.598944
  370     -0.500000     -0.250000     -0.250000     -0.589128     -0.598944
  371     -0.500000     -0.250000     -0.187500     -0.646146     -0.657811
  372     -0.500000     -0.312500     -0.250000     -0.589117     -0.598944
  373     -0.500000     -0.375000     -0.250000     -0.589550     -0.598944
  374     -0.500000     -0.375000     -0.187500     -0.644593     -0.657811
  375     -0.500000     -0.437500     -0.250000     -0.591245     -0.598944
  376     -0.500000     -0.500000     -0.250000     -0.596946     -0.598944
  377     -0.500000     -0.500000     -0.187500     -0.655565     -0.657811
  378     -0.500000      0.500000     -0.312500     -0.543124     -0.545345
  379     -0.500000      0.500000     -0.375000     -0.493820     -0.496542
  380     -0.500000      0.437500     -0.375000     -0.490894     -0.496542
  381     -0.500000      0.375000     -0.375000     -0.489675     -0.496542
  382     -0.500000      0.375000     -0.312500     -0.537812     -0.545345
  383     -0.500000      0.312500     -0.375000     -0.488861     -0.496542
  384     -0.500000      0.250000     -0.375000     -0.488394     -0.496542
  385     -0.500000      0.250000     -0.312500     -0.536705     -0.545345
  386     -0.500000      0.187500     -0.375000     -0.488108     -0.496542
  387     -0.500000      0.125000     -0.375000     -0.487940     -0.496542
  388     -0.500000      0.125000     -0.312500     -0.536392     -0.545345
  389     -0.500000      0.062500     -0.375000     -0.487836     -0.496542
  390     -0.500000      0.000000     -0.375000     -0.487807     -0.496542
  391     -0.500000      0.000000     -0.312500     -0.536268     -0.545345
  392     -0.500000     -0.062500     -0.375000     -0.487833     -0.496542
  393     -0.500000     -0.125000     -0.375000     -0.487934     -0.496542
  394     -0.500000     -0.125000     -0.312500     -0.536388     -0.545345
  395     -0.500000     -0.187500     -0.375000     -0.488100     -0.496542
  396     -0.500000     -0.250000     -0.375000     -0.488386     -0.496542
  397     -0.500000     -0.250000     -0.312500     -0.536702     -0.545345
  398     -0.500000     -0.312500     -0.375000     -0.488856     -0.496542
  399     -0.500000     -0.375000     -0.375000     -0.489676     -0.496542
  400     -0.500000     -0.375000     -0.312500     -0.537818     -0.545345
  401     -0.500000     -0.437500     -0.375000     -0.490905     -0.496542
  402     -0.500000     -0.500000     -0.375000     -0.493850     -0.496542
  403     -0.500000     -0.500000     -0.312500     -0.543153     -0.545345
  404     -0.500000      0.500000     -0.437500     -0.448569     -0.452107
  405     -0.500000      0.500000     -0.500000     -0.406964     -0.411648
  406     -0.500000      0.437500     -0.500000     -0.404706     -0.411648
  407     -0.500000      0.375000     -0.500000     -0.403726     -0.411648
  408     -0.500000      0.375000     -0.437500     -0.445050     -0.452107
  409     -0.500000      0.312500     -0.500000     -0.402978     -0.411648
  410     -0.500000      0.250000     -0.500000     -0.402477     -0.411648
  411     -0.500000      0.250000     -0.437500     -0.443771     -0.452107
  412     -0.500000      0.187500     -0.500000     -0.402141     -0.411648
  413     -0.500000      0.125000     -0.500000     -0.401938     -0.411648
  414     -0.500000      0.125000     -0.437500     -0.443249     -0.452107
  415     -0.500000      0.062500     -0.500000     -0.401821     -0.411648
  416     -0.500000      0.000000     -0.500000     -0.401786     -0.411648
  417     -0.500000      0.000000     -0.437500     -0.443102     -0.452107
  418     -0.500000     -0.062500     -0.500000     -0.401812     -0.411648
  419     -0.500000     -0.125000     -0.500000     -0.401921     -0.411648
  420     -0.500000     -0.125000     -0.437500     -0.443239     -0.452107
  421     -0.500000     -0.187500     -0.500000     -0.402117     -0.411648
  422     -0.500000     -0.250000     -0.500000     -0.402450     -0.411648
  423     -0.500000     -0.250000     -0.437500     -0.443755     -0.452107
  424     -0.500000     -0.312500     -0.500000     -0.402952     -0.411648
  425     -0.500000     -0.375000     -0.500000     -0.403707     -0.411648
  426     -0.500000     -0.375000     -0.437500     -0.445044     -0.452107
  427     -0.500000     -0.437500     -0.500000     -0.404704     -0.411648
  428     -0.500000     -0.500000     -0.500000     -0.406997     -0.411648
  429     -0.500000     -0.500000     -0.437500     -0.448600     -0.452107
  430     -0.500000      0.500000     -0.562500     -0.368570     -0.374810
  431     -0.500000      0.500000     -0.625000     -0.332991     -0.341268
  432     -0.500000      0.437500     -0.625000     -0.330590     -0.341268
  433     -0.500000      0.375000     -0.625000     -0.329541     -0.341268
  434     -0.500000      0.375000     -0.562500     -0.365346     -0.374810
  435     -0.500000      0.312500     -0.625000     -0.328790     -0.341268
  436     -0.500000      0.250000     -0.625000     -0.328311     -0.341268
  437     -0.500000      0.250000     -0.562500     -0.364118     -0.374810
  438     -0.500000      0.187500     -0.625000     -0.328011     -0.341268
  439     -0.500000      0.125000     -0.625000     -0.327844     -0.341268
  440     -0.500000      0.125000     -0.562500     -0.363597     -0.374810
  441     -0.500000      0.062500     -0.625000     -0.327753     -0.341268
  442     -0.500000      0.000000     -0.625000     -0.327724     -0.341268
  443     -0.500000      0.000000     -0.562500     -0.363452     -0.374810
  444     -0.500000     -0.062500     -0.625000     -0.327735     -0.341268
  445     -0.500000     -0.125000     -0.625000     -0.327808     -0.341268
  446     -0.500000     -0.125000     -0.562500     -0.363571     -0.374810
  447     -0.500000     -0.187500     -0.625000     -0.327958     -0.341268
  448     -0.500000     -0.250000     -0.625000     -0.328243     -0.341268
  449     -0.500000     -0.250000     -0.562500     -0.364074     -0.374810
  450     -0.500000     -0.312500     -0.625000     -0.328714     -0.341268
  451     -0.500000     -0.375000     -0.625000     -0.329470     -0.341268
  452     -0.500000     -0.375000     -0.562500     -0.365308     -0.374810
  453     -0.500000     -0.437500     -0.625000     -0.330548     -0.341268
  454     -0.500000     -0.500000     -0.625000     -0.333026     -0.341268
  455     -0.500000     -0.500000     -0.562500     -0.368604     -0.374810
  456     -0.500000      0.500000     -0.687500     -0.299793     -0.310728
  457     -0.500000      0.500000     -0.750000     -0.268546     -0.282921
  458     -0.500000      0.437500     -0.750000     -0.265188     -0.282921
  459     -0.500000      0.375000     -0.750000     -0.263752     -0.282921
  460     -0.500000      0.375000     -0.687500     -0.295849     -0.310728
  461     -0.500000      0.312500     -0.750000     -0.262934     -0.282921
  462     -0.500000      0.250000     -0.750000     -0.262564     -0.282921
  463     -0.500000      0.250000     -0.687500     -0.294615     -0.310728
  464     -0.500000      0.187500     -0.750000     -0.262437     -0.282921
  465     -0.500000      0.125000     -0.750000     -0.262427     -0.282921
  466     -0.500000      0.125000     -0.687500     -0.294261     -0.310728
  467     -0.500000      0.062500     -0.750000     -0.262440     -0.282921
  468     -0.500000      0.000000     -0.750000     -0.262443     -0.282921
  469     -0.500000      0.000000     -0.687500     -0.294191     -0.310728
  470     -0.500000     -0.062500     -0.750000     -0.262410     -0.282921
  471     -0.500000     -0.125000     -0.750000     -0.262364     -0.282921
  472     -0.500000     -0.125000     -0.687500     -0.294212     -0.310728
  473     -0.500000     -0.187500     -0.750000     -0.262336     -0.282921
  474     -0.500000     -0.250000     -0.750000     -0.262418     -0.282921
  475     -0.500000     -0.250000     -0.687500     -0.294513     -0.310728
  476     -0.500000     -0.312500     -0.750000     -0.262736     -0.282921
  477     -0.500000     -0.375000     -0.750000     -0.263512     -0.282921
  478     -0.500000     -0.375000     -0.687500     -0.295717     -0.310728
  479     -0.500000     -0.437500     -0.750000     -0.264974     -0.282921
  480     -0.500000     -0.500000     -0.750000     -0.268583     -0.282921
  481     -0.500000     -0.500000     -0.687500     -0.299829     -0.310728
  482     -0.500000      0.500000     -0.812500     -0.238724     -0.257603
  483     -0.500000      0.500000     -0.875000     -0.209652     -0.234550
  484     -0.500000      0.437500     -0.875000     -0.203555     -0.234550
  485     -0.500000      0.375000     -0.875000     -0.201042     -0.234550
  486     -0.500000      0.375000     -0.812500     -0.232528     -0.257603
  487     -0.500000      0.312500     -0.875000     -0.200620     -0.234550
  488     -0.500000      0.250000     -0.875000     -0.200950     -0.234550
  489     -0.500000      0.250000     -0.812500     -0.231580     -0.257603
  490     -0.500000      0.187500     -0.875000     -0.201433     -0.234550
  491     -0.500000      0.125000     -0.875000     -0.201853     -0.234550
  492     -0.500000      0.125000     -0.812500     -0.231836     -0.257603
  493     -0.500000      0.062500     -0.875000     -0.202115     -0.234550
  494     -0.500000      0.000000     -0.875000     -0.202195     -0.234550
  495     -0.500000      0.000000     -0.812500     -0.231987     -0.257603
  496     -0.500000     -0.062500     -0.875000     -0.202076     -0.234550
  497     -0.500000     -0.125000     -0.875000     -0.201771     -0.234550
  498     -0.500000     -0.125000     -0.812500     -0.231760     -0.257603
  499     -0.500000     -0.187500     -0.875000     -0.201292     -0.234550
  500     -0.500000     -0.250000     -0.875000     -0.200721     -0.234550
  501     -0.500000     -0.250000     -0.812500     -0.231386     -0.257603
  502     -0.500000     -0.312500     -0.875000     -0.200242     -0.234550
  503     -0.500000     -0.375000     -0.875000     -0.200373     -0.234550
  504     -0.500000     -0.375000     -0.812500     -0.232096     -0.257603
  505     -0.500000     -0.437500     -0.875000     -0.202282     -0.234550
  506     -0.500000     -0.500000     -0.875000     -0.209690     -0.234550
  507     -0.500000     -0.500000     -0.812500     -0.238761     -0.257603
  508     -0.500000      0.500000     -0.937500     -0.180115     -0.213560
  509     -0.500000      0.500000     -1.000000     -0.072446     -0.194449
  510     -0.500000      0.437500     -1.000000     -0.119219     -0.194449
  511     -0.500000      0.375000     -1.000000     -0.125931     -0.194449
  512     -0.500000      0.375000     -0.937500     -0.167186     -0.213560
  513     -0.500000      0.312500     -1.000000     -0.129793     -0.194449
  514     -0.500000      0.250000     -1.000000     -0.132354     -0.194449
  515     -0.500000      0.250000     -0.937500     -0.169521     -0.213560
  516     -0.500000      0.187500     -1.000000     -0.134080     -0.194449
  517     -0.500000      0.125000     -1.000000     -0.135196     -0.194449
  518     -0.500000      0.125000     -0.937500     -0.171342     -0.213560
  519     -0.500000      0.062500     -1.000000     -0.135817     -0.194449
  520     -0.500000      0.000000     -1.000000     -0.136008     -0.194449
  521     -0.500000      0.000000     -0.937500     -0.171917     -0.213560
  522     -0.500000     -0.062500     -1.000000     -0.135782     -0.194449
  523     -0.500000     -0.125000     -1.000000     -0.135122     -0.194449
  524     -0.500000     -0.125000     -0.937500     -0.171259     -0.213560
  525     -0.500000     -0.187500     -1.000000     -0.133957     -0.194449
  526     -0.500000     -0.250000     -1.000000     -0.132164     -0.194449
  527     -0.500000     -0.250000     -0.937500     -0.169293     -0.213560
  528     -0.500000     -0.312500     -1.000000     -0.129509     -0.194449
  529     -0.500000     -0.375000     -1.000000     -0.125565     -0.194449
  530     -0.500000     -0.375000     -0.937500     -0.166523     -0.213560
  531     -0.500000     -0.437500     -1.000000     -0.119400     -0.194449
  532     -0.500000     -0.500000     -1.000000     -0.144929     -0.194449
  533     -0.500000     -0.500000     -0.937500     -0.180153     -0.213560
  534      0.437500      0.500000      0.000000      0.353379      0.780062
  535      0.375000      0.500000     -0.062500      0.592581      0.620799
  536      0.375000      0.500000     -0.125000      0.549917      0.565244
  537      0.437500      0.500000     -0.125000      0.628662      0.646694
  538      0.312500      0.500000      0.000000      0.277496      0.577579
  539      0.250000      0.500000     -0.062500      0.419758      0.426365
  540      0.250000      0.500000     -0.125000      0.380775      0.388210
  541      0.312500      0.500000     -0.125000      0.468254      0.478830
  542      0.187500      0.500000      0.000000      0.171624      0.354850
  543      0.125000      0.500000     -0.062500      0.211179      0.216986
  544      0.125000      0.500000     -0.125000      0.194372      0.197568
  545      0.187500      0.500000     -0.125000      0.289287      0.294181
  546      0.062500      0.500000      0.000000      0.058467      0.119682
  547      0.000000      0.500000     -0.062500      0.000003      0.000000
  548      0.000000      0.500000     -0.125000      0.000002      0.000000
  549      0.062500      0.500000     -0.125000      0.097756      0.099220
  550     -0.062500      0.500000      0.000000     -0.058460     -0.119682
  551     -0.125000      0.500000     -0.062500     -0.211174     -0.216986
  552     -0.125000      0.500000     -0.125000     -0.194368     -0.197568
  553     -0.062500      0.500000     -0.125000     -0.097752     -0.099220
  554     -0.187500      0.500000      0.000000     -0.171616     -0.354850
  555     -0.250000      0.500000     -0.062500     -0.419750     -0.426365
  556     -0.250000      0.500000     -0.125000     -0.380768     -0.388210
  557     -0.187500      0.500000     -0.125000     -0.289282     -0.294181
  558     -0.312500      0.500000      0.000000     -0.277488     -0.577579
  559     -0.375000      0.500000     -0.062500     -0.592571     -0.620799
  560     -0.375000      0.500000     -0.125000     -0.549906     -0.565244
  561     -0.312500      0.500000     -0.125000     -0.468245     -0.478830
  562     -0.437500      0.500000      0.000000     -0.353368     -0.780062
  563     -0.437500      0.500000     -0.125000     -0.628646     -0.646694
  564      0.375000      0.500000     -0.187500      0.503746      0.514661
  565      0.375000      0.500000     -0.250000      0.460344      0.468604
  566      0.437500      0.500000     -0.250000      0.528849      0.536128
  567      0.250000      0.500000     -0.187500      0.346365      0.353469
  568      0.250000      0.500000     -0.250000      0.315319      0.321837
  569      0.312500      0.500000     -0.250000      0.389197      0.396964
  570      0.125000      0.500000     -0.187500      0.176553      0.179887
  571      0.125000      0.500000     -0.250000      0.160440      0.163789
  572      0.187500      0.500000     -0.250000      0.238903      0.243884
  573      0.000000      0.500000     -0.187500      0.000000      0.000000
  574      0.000000      0.500000     -0.250000     -0.000001      0.000000
  575      0.062500      0.500000     -0.250000      0.080574      0.082256
  576     -0.125000      0.500000     -0.187500     -0.176551     -0.179887
  577     -0.125000      0.500000     -0.250000     -0.160442     -0.163789
  578     -0.062500      0.500000     -0.250000     -0.080577     -0.082256
  579     -0.250000      0.500000     -0.187500     -0.346361     -0.353469
  580     -0.250000      0.500000     -0.250000     -0.315317     -0.321837
  581     -0.187500      0.500000     -0.250000     -0.238903     -0.243884
  582     -0.375000      0.500000     -0.187500     -0.503735     -0.514661
  583     -0.375000      0.500000     -0.250000     -0.460335     -0.468604
  584     -0.312500      0.500000     -0.250000     -0.389192     -0.396964
  585     -0.437500      0.500000     -0.250000     -0.528833     -0.536128
  586      0.375000      0.500000     -0.312500      0.419750      0.426669
  587      0.375000      0.500000     -0.375000      0.381994      0.388486
  588      0.437500      0.500000     -0.375000      0.438837      0.444466
  589      0.250000      0.500000     -0.312500      0.286975      0.293036
  590      0.250000      0.500000     -0.375000      0.260884      0.266812
  591      0.312500      0.500000     -0.375000      0.322539      0.329094
  592      0.125000      0.500000     -0.312500      0.145809      0.149132
  593      0.125000      0.500000     -0.375000      0.132412      0.135786
  594      0.187500      0.500000     -0.375000      0.197373      0.202187
  595      0.000000      0.500000     -0.312500     -0.000004      0.000000
  596      0.000000      0.500000     -0.375000     -0.000007      0.000000
  597      0.062500      0.500000     -0.375000      0.066455      0.068193
  598     -0.125000      0.500000     -0.312500     -0.145815     -0.149132
  599     -0.125000      0.500000     -0.375000     -0.132425     -0.135786
  600     -0.062500      0.500000     -0.375000     -0.066469     -0.068193
  601     -0.250000      0.500000     -0.312500     -0.286977     -0.293036
  602     -0.250000      0.500000     -0.375000     -0.260893     -0.266812
  603     -0.187500      0.500000     -0.375000     -0.197385     -0.202187
  604     -0.375000      0.500000     -0.312500     -0.419744     -0.426669
  605     -0.375000      0.500000     -0.375000     -0.381992     -0.388486
  606     -0.312500      0.500000     -0.375000     -0.322544     -0.329094
  607     -0.437500      0.500000     -0.375000     -0.438826     -0.444466
  608      0.375000      0.500000     -0.437500      0.346952      0.353721
  609      0.375000      0.500000     -0.500000      0.314412      0.322066
  610      0.437500      0.500000     -0.500000      0.361482      0.368475
  611      0.250000      0.500000     -0.437500      0.236741      0.242936
  612      0.250000      0.500000     -0.500000      0.214298      0.221195
  613      0.312500      0.500000     -0.500000      0.265217      0.272829
  614      0.125000      0.500000     -0.437500      0.120055      0.123635
  615      0.125000      0.500000     -0.500000      0.108582      0.112571
  616      0.187500      0.500000     -0.500000      0.161975      0.167619
  617      0.000000      0.500000     -0.437500     -0.000011      0.000000
  618      0.000000      0.500000     -0.500000     -0.000016      0.000000
  619      0.062500      0.500000     -0.500000      0.054466      0.056534
  620     -0.125000      0.500000     -0.437500     -0.120077     -0.123635
  621     -0.125000      0.500000     -0.500000     -0.108615     -0.112571
  622     -0.062500      0.500000     -0.500000     -0.054498     -0.056534
  623     -0.250000      0.500000     -0.437500     -0.236760     -0.242936
  624     -0.250000      0.500000     -0.500000     -0.214330     -0.221195
  625     -0.187500      0.500000     -0.500000     -0.162008     -0.167619
  626     -0.375000      0.500000     -0.437500     -0.346958     -0.353721
  627     -0.375000      0.500000     -0.500000     -0.314430     -0.322066
  628     -0.312500      0.500000     -0.500000     -0.265245     -0.272829
  629     -0.437500      0.500000     -0.500000     -0.361483     -0.368475
  630      0.375000      0.500000     -0.562500      0.284083      0.293245
  631      0.375000      0.500000     -0.625000      0.255643      0.267002
  632      0.437500      0.500000     -0.625000      0.294709      0.305477
  633      0.250000      0.500000     -0.562500      0.193321      0.201401
  634      0.250000      0.500000     -0.625000      0.173579      0.183377
  635      0.312500      0.500000     -0.625000      0.215179      0.226183
  636      0.125000      0.500000     -0.562500      0.097860      0.102497
  637      0.125000      0.500000     -0.625000      0.087770      0.093324
  638      0.187500      0.500000     -0.625000      0.131039      0.138961
  639      0.000000      0.500000     -0.562500     -0.000022      0.000000
  640      0.000000      0.500000     -0.625000     -0.000028      0.000000
  641      0.062500      0.500000     -0.625000      0.043999      0.046868
  642     -0.125000      0.500000     -0.562500     -0.097907     -0.102497
  643     -0.125000      0.500000     -0.625000     -0.087833     -0.093324
  644     -0.062500      0.500000     -0.625000     -0.044058     -0.046868
  645     -0.250000      0.500000     -0.562500     -0.193372     -0.201401
  646     -0.250000      0.500000     -0.625000     -0.173656     -0.183377
  647     -0.187500      0.500000     -0.625000     -0.131109     -0.138961
  648     -0.375000      0.500000     -0.562500     -0.284122     -0.293245
  649     -0.375000      0.500000     -0.625000     -0.255715     -0.267002
  650     -0.312500      0.500000     -0.625000     -0.215260     -0.226183
  651     -0.437500      0.500000     -0.625000     -0.294751     -0.305477
  652      0.375000      0.500000     -0.687500      0.228702      0.243108
  653      0.375000      0.500000     -0.750000      0.202806      0.221353
  654      0.437500      0.500000     -0.750000      0.235289      0.253249
  655      0.250000      0.500000     -0.687500      0.154830      0.166967
  656      0.250000      0.500000     -0.750000      0.136834      0.152025
  657      0.312500      0.500000     -0.750000      0.170017      0.187512
  658      0.125000      0.500000     -0.687500      0.078203      0.084973
  659      0.125000      0.500000     -0.750000      0.069069      0.077369
  660      0.187500      0.500000     -0.750000      0.103179      0.115203
  661      0.000000      0.500000     -0.687500     -0.000035      0.000000
  662      0.000000      0.500000     -0.750000     -0.000042      0.000000
  663      0.062500      0.500000     -0.750000      0.034609      0.038855
  664     -0.125000      0.500000     -0.687500     -0.078285     -0.084973
  665     -0.125000      0.500000     -0.750000     -0.069170     -0.077369
  666     -0.062500      0.500000     -0.750000     -0.034697     -0.038855
  667     -0.250000      0.500000     -0.687500     -0.154944     -0.166967
  668     -0.250000      0.500000     -0.750000     -0.136994     -0.152025
  669     -0.187500      0.500000     -0.750000     -0.103303     -0.115203
  670     -0.375000      0.500000     -0.687500     -0.228835     -0.243108
  671     -0.375000      0.500000     -0.750000     -0.203047     -0.221353
  672     -0.312500      0.500000     -0.750000     -0.170222     -0.187512
  673     -0.437500      0.500000     -0.750000     -0.235503     -0.253249
  674      0.375000      0.500000     -0.812500      0.177354      0.201544
  675      0.375000      0.500000     -0.875000      0.151561      0.183508
  676      0.437500      0.500000     -0.875000      0.177847      0.209951
  677      0.250000      0.500000     -0.812500      0.119376      0.138420
  678      0.250000      0.500000     -0.875000      0.102332      0.126033
  679      0.312500      0.500000     -0.875000      0.126871      0.155453
  680      0.125000      0.500000     -0.812500      0.060311      0.070445
  681      0.125000      0.500000     -0.875000      0.051923      0.064141
  682      0.187500      0.500000     -0.875000      0.077384      0.095506
  683      0.000000      0.500000     -0.812500     -0.000047      0.000000
  684      0.000000      0.500000     -0.875000     -0.000050      0.000000
  685      0.062500      0.500000     -0.875000      0.026050      0.032212
  686     -0.125000      0.500000     -0.812500     -0.060428     -0.070445
  687     -0.125000      0.500000     -0.875000     -0.052050     -0.064141
  688     -0.062500      0.500000     -0.875000     -0.026156     -0.032212
  689     -0.250000      0.500000     -0.812500     -0.119584     -0.138420
  690     -0.250000      0.500000     -0.875000     -0.102575     -0.126033
  691     -0.187500      0.500000     -0.875000     -0.077552     -0.095506
  692     -0.375000      0.500000     -0.812500     -0.177788     -0.201544
  693     -0.375000      0.500000     -0.875000     -0.152232     -0.183508
  694     -0.312500      0.500000     -0.875000     -0.127255     -0.155453
  695     -0.437500      0.500000     -0.875000     -0.179120     -0.209951
  696      0.375000      0.500000     -0.937500      0.124591      0.167086
  697      0.375000      0.500000     -1.000000      0.097029      0.152133
  698      0.437500      0.500000     -1.000000      0.105720      0.174055
  699      0.250000      0.500000     -0.937500      0.085803      0.114755
  700      0.250000      0.500000     -1.000000      0.070241      0.104485
  701      0.312500      0.500000     -1.000000      0.084813      0.128875
  702      0.125000      0.500000     -0.937500      0.043975      0.058401
  703      0.125000      0.500000     -1.000000      0.036605      0.053175
  704      0.187500      0.500000     -1.000000      0.054004      0.079178
  705      0.000000      0.500000     -0.937500     -0.000049      0.000000
  706      0.000000      0.500000     -1.000000     -0.000046      0.000000
  707      0.062500      0.500000     -1.000000      0.018462      0.026705
  708     -0.125000      0.500000     -0.937500     -0.044101     -0.058401
  709     -0.125000      0.500000     -1.000000     -0.036721     -0.053175
  710     -0.062500      0.500000     -1.000000     -0.018560     -0.026705
  711     -0.250000      0.500000     -0.937500     -0.086046     -0.114755
  712     -0.250000      0.500000     -1.000000     -0.070447     -0.104485
  713     -0.187500      0.500000     -1.000000     -0.054153     -0.079178
  714     -0.375000      0.500000     -0.937500     -0.125256     -0.167086
  715     -0.375000      0.500000     -1.000000     -0.097398     -0.152133
  716     -0.312500      0.500000     -1.000000     -0.085105     -0.128875
  717     -0.437500      0.500000     -1.000000     -0.105539     -0.174055
  718      0.437500     -0.500000      0.000000      0.353369      0.780062
  719      0.375000     -0.500000     -0.062500      0.592571      0.620799
  720      0.375000     -0.500000     -0.125000      0.549906      0.565244
  721      0.437500     -0.500000     -0.125000      0.628646      0.646694
  722      0.312500     -0.500000      0.000000      0.277488      0.577579
  723      0.250000     -0.500000     -0.062500      0.419750      0.426365
  724      0.250000     -0.500000     -0.125000      0.380768      0.388210
  725      0.312500     -0.500000     -0.125000      0.468245      0.478830
  726      0.187500     -0.500000      0.000000      0.171616      0.354850
  727      0.125000     -0.500000     -0.062500      0.211174      0.216986
  728      0.125000     -0.500000     -0.125000      0.194368      0.197568
  729      0.187500     -0.500000     -0.125000      0.289282      0.294181
  730      0.062500     -0.500000      0.000000      0.058460      0.119682
  731      0.000000     -0.500000     -0.062500     -0.000003      0.000000
  732      0.000000     -0.500000     -0.125000     -0.000002      0.000000
  733      0.062500     -0.500000     -0.125000      0.097752      0.099220
  734     -0.062500     -0.500000      0.000000     -0.058467     -0.119682
  735     -0.125000     -0.500000     -0.062500     -0.211179     -0.216986
  736     -0.125000     -0.500000     -0.125000     -0.194372     -0.197568
  737     -0.062500     -0.500000     -0.125000     -0.097756     -0.099220
  738     -0.187500     -0.500000      0.000000     -0.171624     -0.354850
  739     -0.250000     -0.500000     -0.062500     -0.419758     -0.426365
  740     -0.250000     -0.500000     -0.125000     -0.380775     -0.388210
  741     -0.187500     -0.500000     -0.125000     -0.289287     -0.294181
  742     -0.312500     -0.500000      0.000000     -0.277496     -0.577579
  743     -0.375000     -0.500000     -0.062500     -0.592581     -0.620799
  744     -0.375000     -0.500000     -0.125000     -0.549917     -0.565244
  745     -0.312500     -0.500000     -0.125000     -0.468254     -0.478830
  746     -0.437500     -0.500000      0.000000     -0.353379     -0.780062
  747     -0.437500     -0.500000     -0.125000     -0.628662     -0.646694
  748      0.375000     -0.500000     -0.187500      0.503735      0.514661
  749      0.375000     -0.500000     -0.250000      0.460335      0.468604
  750      0.437500     -0.500000     -0.250000      0.528833      0.536128
  751      0.250000     -0.500000     -0.187500      0.346361      0.353469
  752      0.250000     -0.500000     -0.250000      0.315317      0.321837
  753      0.312500     -0.500000     -0.250000      0.389192      0.396964
  754      0.125000     -0.500000     -0.187500      0.176551      0.179887
  755      0.125000     -0.500000     -0.250000      0.160442      0.163789
  756      0.187500     -0.500000     -0.250000      0.238903      0.243884
  757      0.000000     -0.500000     -0.187500     -0.000000      0.000000
  758      0.000000     -0.500000     -0.250000      0.000001      0.000000
  759      0.062500     -0.500000     -0.250000      0.080577      0.082256
  760     -0.125000     -0.500000     -0.187500     -0.176553     -0.179887
  761     -0.125000     -0.500000     -0.250000     -0.160440     -0.163789
  762     -0.062500     -0.500000     -0.250000     -0.080574     -0.082256
  763     -0.250000     -0.500000     -0.187500     -0.346365     -0.353469
  764     -0.250000     -0.500000     -0.250000     -0.315319     -0.321837
  765     -0.187500     -0.500000     -0.250000     -0.238903     -0.243884
  766     -0.375000     -0.500000     -0.187500     -0.503746     -0.514661
  767     -0.375000     -0.500000     -0.250000     -0.460344     -0.468604
  768     -0.312500     -0.500000     -0.250000     -0.389197     -0.396964
  769     -0.437500     -0.500000     -0.250000     -0.528849     -0.536128
  770      0.375000     -0.500000     -0.312500      0.419744      0.426669
  771      0.375000     -0.500000     -0.375000      0.381992      0.388486
  772      0.437500     -0.500000     -0.375000      0.438826      0.444466
  773      0.250000     -0.500000     -0.312500      0.286977      0.293036
  774      0.250000     -0.500000     -0.375000      0.260893      0.266812
  775      0.312500     -0.500000     -0.375000      0.322544      0.329094
  776      0.125000     -0.500000     -0.312500      0.145815      0.149132
  777      0.125000     -0.500000     -0.375000      0.132425      0.135786
  778      0.187500     -0.500000     -0.375000      0.197385      0.202187
  779      0.000000     -0.500000     -0.312500      0.000004      0.000000
  780      0.000000     -0.500000     -0.375000      0.000007      0.000000
  781      0.062500     -0.500000     -0.375000      0.066469      0.068193
  782     -0.125000     -0.500000     -0.312500     -0.145809     -0.149132
  783     -0.125000     -0.500000     -0.375000     -0.132412     -0.135786
  784     -0.062500     -0.500000     -0.375000     -0.066455     -0.068193
  785     -0.250000     -0.500000     -0.312500     -0.286975     -0.293036
  786     -0.250000     -0.500000     -0.375000     -0.260884     -0.266812
  787     -0.187500     -0.500000     -0.375000     -0.197373     -0.202187
  788     -0.375000     -0.500000     -0.312500     -0.419750     -0.426669
  789     -0.375000     -0.500000     -0.375000     -0.381994     -0.388486
  790     -0.312500     -0.500000     -0.375000     -0.322539     -0.329094
  791     -0.437500     -0.500000     -0.375000     -0.438837     -0.444466
  792      0.375000     -0.500000     -0.437500      0.346958      0.353721
  793      0.375000     -0.500000     -0.500000      0.314430      0.322066
  794      0.437500     -0.500000     -0.500000      0.361483      0.368475
  795      0.250000     -0.500000     -0.437500      0.236760      0.242936
  796      0.250000     -0.500000     -0.500000      0.214330      0.221195
  797      0.312500     -0.500000     -0.500000      0.265245      0.272829
  798      0.125000     -0.500000     -0.437500      0.120077      0.123635
  799      0.125000     -0.500000     -0.500000      0.108615      0.112571
  800      0.187500     -0.500000     -0.500000      0.162008      0.167619
  801      0.000000     -0.500000     -0.437500      0.000011      0.000000
  802      0.000000     -0.500000     -0.500000      0.000016      0.000000
  803      0.062500     -0.500000     -0.500000      0.054498      0.056534
  804     -0.125000     -0.500000     -0.437500     -0.120055     -0.123635
  805     -0.125000     -0.500000     -0.500000     -0.108582     -0.112571
  806     -0.062500     -0.500000     -0.500000     -0.054466     -0.056534
  807     -0.250000     -0.500000     -0.437500     -0.236741     -0.242936
  808     -0.250000     -0.500000     -0.500000     -0.214298     -0.221195
  809     -0.187500     -0.500000     -0.500000     -0.161975     -0.167619
  810     -0.375000     -0.500000     -0.437500     -0.346952     -0.353721
  811     -0.375000     -0.500000     -0.500000     -0.314412     -0.322066
  812     -0.312500     -0.500000     -0.500000     -0.265217     -0.272829
  813     -0.437500     -0.500000     -0.500000     -0.361482     -0.368475
  814      0.375000     -0.500000     -0.562500      0.284122      0.293245
  815      0.375000     -0.500000     -0.625000      0.255715      0.267002
  816      0.437500     -0.500000     -0.625000      0.294751      0.305477
  817      0.250000     -0.500000     -0.562500      0.193372      0.201401
  818      0.250000     -0.500000     -0.625000      0.173656      0.183377
  819      0.312500     -0.500000     -0.625000      0.215260      0.226183
  820      0.125000     -0.500000     -0.562500      0.097907      0.102497
  821      0.125000     -0.500000     -0.625000      0.087833      0.093324
  822      0.187500     -0.500000     -0.625000      0.131109      0.138961
  823      0.000000     -0.500000     -0.562500      0.000022      0.000000
  824      0.000000     -0.500000     -0.625000      0.000028      0.000000
  825      0.062500     -0.500000     -0.625000      0.044058      0.046868
  826     -0.125000     -0.500000     -0.562500     -0.097860     -0.102497
  827     -0.125000     -0.500000     -0.625000     -0.087770     -0.093324
  828     -0.062500     -0.500000     -0.625000     -0.043999     -0.046868
  829     -0.250000     -0.500000     -0.562500     -0.193321     -0.201401
  830     -0.250000     -0.500000     -0.625000     -0.173579     -0.183377
  831     -0.187500     -0.500000     -0.625000     -0.131039     -0.138961
  832     -0.375000     -0.500000     -0.562500     -0.284083     -0.293245
  833     -0.375000     -0.500000     -0.625000     -0.255643     -0.267002
  834     -0.312500     -0.500000     -0.625000     -0.215179     -0.226183
  835     -0.437500     -0.500000     -0.625000     -0.294709     -0.305477
  836      0.375000     -0.500000     -0.687500      0.228835      0.243108
  837      0.375000     -0.500000     -0.750000      0.203047      0.221353
  838      0.437500     -0.500000     -0.750000      0.235503      0.253249
  839      0.250000     -0.500000     -0.687500      0.154944      0.166967
  840      0.250000     -0.500000     -0.750000      0.136994      0.152025
  841      0.312500     -0.500000     -0.750000      0.170222      0.187512
  842      0.125000     -0.500000     -0.687500      0.078285      0.084973
  843      0.125000     -0.500000     -0.750000      0.069170      0.077369
  844      0.187500     -0.500000     -0.750000      0.103303      0.115203
  845      0.000000     -0.500000     -0.687500      0.000035      0.000000
  846      0.000000     -0.500000     -0.750000      0.000042      0.000000
  847      0.062500     -0.500000     -0.750000      0.034697      0.038855
  848     -0.125000     -0.500000     -0.687500     -0.078203     -0.084973
  849     -0.125000     -0.500000     -0.750000     -0.069069     -0.077369
  850     -0.062500     -0.500000     -0.750000     -0.034609     -0.038855
  851     -0.250000     -0.500000     -0.687500     -0.154830     -0.166967
  852     -0.250000     -0.500000     -0.750000     -0.136834     -0.152025
  853     -0.187500     -0.500000     -0.750000     -0.103179     -0.115203
  854     -0.375000     -0.500000     -0.687500     -0.228702     -0.243108
  855     -0.375000     -0.500000     -0.750000     -0.202806     -0.221353
  856     -0.312500     -0.500000     -0.750000     -0.170017     -0.187512
  857     -0.437500     -0.500000     -0.750000     -0.235289     -0.253249
  858      0.375000     -0.500000     -0.812500      0.177788      0.201544
  859      0.375000     -0.500000     -0.875000      0.152232      0.183508
  860      0.437500     -0.500000     -0.875000      0.179120      0.209951
  861      0.250000     -0.500000     -0.812500      0.119584      0.138420
  862      0.250000     -0.500000     -0.875000      0.102575      0.126033
  863      0.312500     -0.500000     -0.875000      0.127255      0.155453
  864      0.125000     -0.500000     -0.812500      0.060428      0.070445
  865      0.125000     -0.500000     -0.875000      0.052050      0.064141
  866      0.187500     -0.500000     -0.875000      0.077552      0.095506
  867      0.000000     -0.500000     -0.812500      0.000047      0.000000
  868      0.000000     -0.500000     -0.875000      0.000050      0.000000
  869      0.062500     -0.500000     -0.875000      0.026156      0.032212
  870     -0.125000     -0.500000     -0.812500     -0.060311     -0.070445
  871     -0.125000     -0.500000     -0.875000     -0.051923     -0.064141
  872     -0.062500     -0.500000     -0.875000     -0.026050     -0.032212
  873     -0.250000     -0.500000     -0.812500     -0.119376     -0.138420
  874     -0.250000     -0.500000     -0.875000     -0.102332     -0.126033
  875     -0.187500     -0.500000     -0.875000     -0.077384     -0.095506
  876     -0.375000     -0.500000     -0.812500     -0.177354     -0.201544
  877     -0.375000     -0.500000     -0.875000     -0.151561     -0.183508
  878     -0.312500     -0.500000     -0.875000     -0.126871     -0.155453
  879     -0.437500     -0.500000     -0.875000     -0.177847     -0.209951
  880      0.375000     -0.500000     -0.937500      0.125256      0.167086
  881      0.375000     -0.500000     -1.000000      0.097398      0.152133
  882      0.437500     -0.500000     -1.000000      0.105539      0.174055
  883      0.250000     -0.500000     -0.937500      0.086046      0.114755
  884      0.250000     -0.500000     -1.000000      0.070447      0.104485
  885      0.312500     -0.500000     -1.000000      0.085105      0.128875
  886      0.125000     -0.500000     -0.937500      0.044101      0.058401
  887      0.125000     -0.500000     -1.000000      0.036721      0.053175
  888      0.187500     -0.500000     -1.000000      0.054153      0.079178
  889      0.000000     -0.500000     -0.937500      0.000049      0.000000
  890      0.000000     -0.500000     -1.000000      0.000046      0.000000
  891      0.062500     -0.500000     -1.000000      0.018560      0.026705
  892     -0.125000     -0.500000     -0.937500     -0.043975     -0.058401
  893     -0.125000     -0.500000     -1.000000     -0.036605     -0.053175
  894     -0.062500     -0.500000     -1.000000     -0.018462     -0.026705
  895     -0.250000     -0.500000     -0.937500     -0.085803     -0.114755
  896     -0.250000     -0.500000     -1.000000     -0.070241     -0.104485
  897     -0.187500     -0.500000     -1.000000     -0.054004     -0.079178
  898     -0.375000     -0.500000     -0.937500     -0.124591     -0.167086
  899     -0.375000     -0.500000     -1.000000     -0.097029     -0.152133
  900     -0.312500     -0.500000     -1.000000     -0.084813     -0.128875
  901     -0.437500     -0.500000     -1.000000     -0.105720     -0.174055
