     -1.0000      -1.0000      -1.9129
     -1.0000      -0.8750      -1.9129
     -1.0000      -0.7500      -1.9129
     -1.0000      -0.6250      -1.9129
     -1.0000      -0.5000      -1.9129
     -1.0000      -0.3750      -1.9129
     -1.0000      -0.2500      -1.9129
     -1.0000      -0.1250      -1.9129
     -1.0000       0.0000      -1.9129
     -1.0000       0.1250      -1.9129
     -1.0000       0.2500      -1.9129
     -1.0000       0.3750      -1.9129
     -1.0000       0.5000      -1.9129
     -1.0000       0.6250      -1.9129
     -1.0000       0.7500      -1.9129
     -1.0000       0.8750      -1.9129
     -1.0000       1.0000      -1.9129

     -0.8750      -1.0000      -1.8541
     -0.8750      -0.8750      -1.8547
     -0.8750      -0.7500      -1.8541
     -0.8750      -0.6250      -1.8547
     -0.8750      -0.5000      -1.8541
     -0.8750      -0.3750      -1.8547
     -0.8750      -0.2500      -1.8541
     -0.8750      -0.1250      -1.8547
     -0.8750       0.0000      -1.8541
     -0.8750       0.1250      -1.8547
     -0.8750       0.2500      -1.8541
     -0.8750       0.3750      -1.8547
     -0.8750       0.5000      -1.8541
     -0.8750       0.6250      -1.8547
     -0.8750       0.7500      -1.8541
     -0.8750       0.8750      -1.8547
     -0.8750       1.0000      -1.8541

     -0.7500      -1.0000      -1.7303
     -0.7500      -0.8750      -1.7303
     -0.7500      -0.7500      -1.7303
     -0.7500      -0.6250      -1.7303
     -0.7500      -0.5000      -1.7303
     -0.7500      -0.3750      -1.7303
     -0.7500      -0.2500      -1.7303
     -0.7500      -0.1250      -1.7303
     -0.7500       0.0000      -1.7303
     -0.7500       0.1250      -1.7303
     -0.7500       0.2500      -1.7303
     -0.7500       0.3750      -1.7303
     -0.7500       0.5000      -1.7303
     -0.7500       0.6250      -1.7303
     -0.7500       0.7500      -1.7303
     -0.7500       0.8750      -1.7303
     -0.7500       1.0000      -1.7303

     -0.6250      -1.0000      -1.5458
     -0.6250      -0.8750      -1.5463
     -0.6250      -0.7500      -1.5458
     -0.6250      -0.6250      -1.5463
     -0.6250      -0.5000      -1.5458
     -0.6250      -0.3750      -1.5463
     -0.6250      -0.2500      -1.5458
     -0.6250      -0.1250      -1.5463
     -0.6250       0.0000      -1.5458
     -0.6250       0.1250      -1.5463
     -0.6250       0.2500      -1.5458
     -0.6250       0.3750      -1.5463
     -0.6250       0.5000      -1.5458
     -0.6250       0.6250      -1.5463
     -0.6250       0.7500      -1.5458
     -0.6250       0.8750      -1.5463
     -0.6250       1.0000      -1.5458

     -0.5000      -1.0000      -1.3072
     -0.5000      -0.8750      -1.3072
     -0.5000      -0.7500      -1.3072
     -0.5000      -0.6250      -1.3072
     -0.5000      -0.5000      -1.3072
     -0.5000      -0.3750      -1.3072
     -0.5000      -0.2500      -1.3072
     -0.5000      -0.1250      -1.3072
     -0.5000       0.0000      -1.3072
     -0.5000       0.1250      -1.3072
     -0.5000       0.2500      -1.3072
     -0.5000       0.3750      -1.3072
     -0.5000       0.5000      -1.3072
     -0.5000       0.6250      -1.3072
     -0.5000       0.7500      -1.3072
     -0.5000       0.8750      -1.3072
     -0.5000       1.0000      -1.3072

     -0.3750      -1.0000      -1.0227
     -0.3750      -0.8750      -1.0230
     -0.3750      -0.7500      -1.0227
     -0.3750      -0.6250      -1.0230
     -0.3750      -0.5000      -1.0227
     -0.3750      -0.3750      -1.0230
     -0.3750      -0.2500      -1.0227
     -0.3750      -0.1250      -1.0230
     -0.3750       0.0000      -1.0227
     -0.3750       0.1250      -1.0230
     -0.3750       0.2500      -1.0227
     -0.3750       0.3750      -1.0230
     -0.3750       0.5000      -1.0227
     -0.3750       0.6250      -1.0230
     -0.3750       0.7500      -1.0227
     -0.3750       0.8750      -1.0230
     -0.3750       1.0000      -1.0227

     -0.2500      -1.0000      -0.7024
     -0.2500      -0.8750      -0.7024
     -0.2500      -0.7500      -0.7024
     -0.2500      -0.6250      -0.7024
     -0.2500      -0.5000      -0.7024
     -0.2500      -0.3750      -0.7024
     -0.2500      -0.2500      -0.7024
     -0.2500      -0.1250      -0.7024
     -0.2500       0.0000      -0.7024
     -0.2500       0.1250      -0.7024
     -0.2500       0.2500      -0.7024
     -0.2500       0.3750      -0.7024
     -0.2500       0.5000      -0.7024
     -0.2500       0.6250      -0.7024
     -0.2500       0.7500      -0.7024
     -0.2500       0.8750      -0.7024
     -0.2500       1.0000      -0.7024

     -0.1250      -1.0000      -0.3575
     -0.1250      -0.8750      -0.3576
     -0.1250      -0.7500      -0.3575
     -0.1250      -0.6250      -0.3576
     -0.1250      -0.5000      -0.3575
     -0.1250      -0.3750      -0.3576
     -0.1250      -0.2500      -0.3575
     -0.1250      -0.1250      -0.3576
     -0.1250       0.0000      -0.3575
     -0.1250       0.1250      -0.3576
     -0.1250       0.2500      -0.3575
     -0.1250       0.3750      -0.3576
     -0.1250       0.5000      -0.3575
     -0.1250       0.6250      -0.3576
     -0.1250       0.7500      -0.3575
     -0.1250       0.8750      -0.3576
     -0.1250       1.0000      -0.3575

      0.0000      -1.0000       0.0000
      0.0000      -0.8750       0.0000
      0.0000      -0.7500       0.0000
      0.0000      -0.6250       0.0000
      0.0000      -0.5000       0.0000
      0.0000      -0.3750       0.0000
      0.0000      -0.2500       0.0000
      0.0000      -0.1250       0.0000
      0.0000       0.0000       0.0000
      0.0000       0.1250       0.0000
      0.0000       0.2500       0.0000
      0.0000       0.3750       0.0000
      0.0000       0.5000       0.0000
      0.0000       0.6250       0.0000
      0.0000       0.7500       0.0000
      0.0000       0.8750       0.0000
      0.0000       1.0000       0.0000

      0.1250      -1.0000       0.3575
      0.1250      -0.8750       0.3576
      0.1250      -0.7500       0.3575
      0.1250      -0.6250       0.3576
      0.1250      -0.5000       0.3575
      0.1250      -0.3750       0.3576
      0.1250      -0.2500       0.3575
      0.1250      -0.1250       0.3576
      0.1250       0.0000       0.3575
      0.1250       0.1250       0.3576
      0.1250       0.2500       0.3575
      0.1250       0.3750       0.3576
      0.1250       0.5000       0.3575
      0.1250       0.6250       0.3576
      0.1250       0.7500       0.3575
      0.1250       0.8750       0.3576
      0.1250       1.0000       0.3575

      0.2500      -1.0000       0.7024
      0.2500      -0.8750       0.7024
      0.2500      -0.7500       0.7024
      0.2500      -0.6250       0.7024
      0.2500      -0.5000       0.7024
      0.2500      -0.3750       0.7024
      0.2500      -0.2500       0.7024
      0.2500      -0.1250       0.7024
      0.2500       0.0000       0.7024
      0.2500       0.1250       0.7024
      0.2500       0.2500       0.7024
      0.2500       0.3750       0.7024
      0.2500       0.5000       0.7024
      0.2500       0.6250       0.7024
      0.2500       0.7500       0.7024
      0.2500       0.8750       0.7024
      0.2500       1.0000       0.7024

      0.3750      -1.0000       1.0227
      0.3750      -0.8750       1.0230
      0.3750      -0.7500       1.0227
      0.3750      -0.6250       1.0230
      0.3750      -0.5000       1.0227
      0.3750      -0.3750       1.0230
      0.3750      -0.2500       1.0227
      0.3750      -0.1250       1.0230
      0.3750       0.0000       1.0227
      0.3750       0.1250       1.0230
      0.3750       0.2500       1.0227
      0.3750       0.3750       1.0230
      0.3750       0.5000       1.0227
      0.3750       0.6250       1.0230
      0.3750       0.7500       1.0227
      0.3750       0.8750       1.0230
      0.3750       1.0000       1.0227

      0.5000      -1.0000       1.3072
      0.5000      -0.8750       1.3072
      0.5000      -0.7500       1.3072
      0.5000      -0.6250       1.3072
      0.5000      -0.5000       1.3072
      0.5000      -0.3750       1.3072
      0.5000      -0.2500       1.3072
      0.5000      -0.1250       1.3072
      0.5000       0.0000       1.3072
      0.5000       0.1250       1.3072
      0.5000       0.2500       1.3072
      0.5000       0.3750       1.3072
      0.5000       0.5000       1.3072
      0.5000       0.6250       1.3072
      0.5000       0.7500       1.3072
      0.5000       0.8750       1.3072
      0.5000       1.0000       1.3072

      0.6250      -1.0000       1.5458
      0.6250      -0.8750       1.5463
      0.6250      -0.7500       1.5458
      0.6250      -0.6250       1.5463
      0.6250      -0.5000       1.5458
      0.6250      -0.3750       1.5463
      0.6250      -0.2500       1.5458
      0.6250      -0.1250       1.5463
      0.6250       0.0000       1.5458
      0.6250       0.1250       1.5463
      0.6250       0.2500       1.5458
      0.6250       0.3750       1.5463
      0.6250       0.5000       1.5458
      0.6250       0.6250       1.5463
      0.6250       0.7500       1.5458
      0.6250       0.8750       1.5463
      0.6250       1.0000       1.5458

      0.7500      -1.0000       1.7303
      0.7500      -0.8750       1.7303
      0.7500      -0.7500       1.7303
      0.7500      -0.6250       1.7303
      0.7500      -0.5000       1.7303
      0.7500      -0.3750       1.7303
      0.7500      -0.2500       1.7303
      0.7500      -0.1250       1.7303
      0.7500       0.0000       1.7303
      0.7500       0.1250       1.7303
      0.7500       0.2500       1.7303
      0.7500       0.3750       1.7303
      0.7500       0.5000       1.7303
      0.7500       0.6250       1.7303
      0.7500       0.7500       1.7303
      0.7500       0.8750       1.7303
      0.7500       1.0000       1.7303

      0.8750      -1.0000       1.8541
      0.8750      -0.8750       1.8547
      0.8750      -0.7500       1.8541
      0.8750      -0.6250       1.8547
      0.8750      -0.5000       1.8541
      0.8750      -0.3750       1.8547
      0.8750      -0.2500       1.8541
      0.8750      -0.1250       1.8547
      0.8750       0.0000       1.8541
      0.8750       0.1250       1.8547
      0.8750       0.2500       1.8541
      0.8750       0.3750       1.8547
      0.8750       0.5000       1.8541
      0.8750       0.6250       1.8547
      0.8750       0.7500       1.8541
      0.8750       0.8750       1.8547
      0.8750       1.0000       1.8541

      1.0000      -1.0000       1.9129
      1.0000      -0.8750       1.9129
      1.0000      -0.7500       1.9129
      1.0000      -0.6250       1.9129
      1.0000      -0.5000       1.9129
      1.0000      -0.3750       1.9129
      1.0000      -0.2500       1.9129
      1.0000      -0.1250       1.9129
      1.0000       0.0000       1.9129
      1.0000       0.1250       1.9129
      1.0000       0.2500       1.9129
      1.0000       0.3750       1.9129
      1.0000       0.5000       1.9129
      1.0000       0.6250       1.9129
      1.0000       0.7500       1.9129
      1.0000       0.8750       1.9129
      1.0000       1.0000       1.9129
