     -0.5000      -0.5000      -0.8774
     -0.5000      -0.4167      -0.7558
     -0.5000      -0.3333      -0.5792
     -0.5000      -0.2500      -1.0588
     -0.5000      -0.1667      -0.5242
     -0.5000      -0.0833      -0.5266
     -0.5000       0.0000      -0.9869
     -0.5000       0.0833      -0.5266
     -0.5000       0.1667      -0.5242
     -0.5000       0.2500      -1.0588
     -0.5000       0.3333      -0.5792
     -0.5000       0.4167      -0.7558
     -0.5000       0.5000      -0.8774
 
    -0.3750      -0.5000      -0.9697
     -0.3750      -0.4167      -1.1800
     -0.3750      -0.3333      -1.1134
     -0.3750      -0.2500      -1.3283
     -0.3750      -0.1667      -1.0365
     -0.3750      -0.0833      -0.9185
     -0.3750       0.0000      -1.0195
     -0.3750       0.0833      -0.9185
     -0.3750       0.1667      -1.0365
     -0.3750       0.2500      -1.3283
     -0.3750       0.3333      -1.1134
     -0.3750       0.4167      -1.1800
     -0.3750       0.5000      -0.9697

     -0.2500      -0.5000      -0.5786
     -0.2500      -0.4167      -0.8810
     -0.2500      -0.3333      -0.6846
     -0.2500      -0.2500      -0.6562
     -0.2500      -0.1667      -0.6286
     -0.2500      -0.0833      -0.6342
     -0.2500       0.0000      -0.6198
     -0.2500       0.0833      -0.6342
     -0.2500       0.1667      -0.6286
     -0.2500       0.2500      -0.6562
     -0.2500       0.3333      -0.6846
     -0.2500       0.4167      -0.8810
     -0.2500       0.5000      -0.5786

     -0.1250      -0.5000      -0.2825
     -0.1250      -0.4167      -0.4357
     -0.1250      -0.3333      -0.3395
     -0.1250      -0.2500      -0.3248
     -0.1250      -0.1667      -0.3104
     -0.1250      -0.0833      -0.3130
     -0.1250       0.0000      -0.3055
     -0.1250       0.0833      -0.3130
     -0.1250       0.1667      -0.3104
     -0.1250       0.2500      -0.3248
     -0.1250       0.3333      -0.3395
     -0.1250       0.4167      -0.4357
     -0.1250       0.5000      -0.2825

      0.0000      -0.5000      -0.0000
      0.0000      -0.4167      -0.0000
      0.0000      -0.3333      -0.0000
      0.0000      -0.2500      -0.0000
      0.0000      -0.1667      -0.0000
      0.0000      -0.0833      -0.0000
      0.0000       0.0000      -0.0000
      0.0000       0.0833       0.0000
      0.0000       0.1667       0.0000
      0.0000       0.2500       0.0000
      0.0000       0.3333       0.0000
      0.0000       0.4167       0.0000
      0.0000       0.5000       0.0000

      0.1250      -0.5000       0.2825
      0.1250      -0.4167       0.4357
      0.1250      -0.3333       0.3395
      0.1250      -0.2500       0.3248
      0.1250      -0.1667       0.3104
      0.1250      -0.0833       0.3130
      0.1250       0.0000       0.3055
      0.1250       0.0833       0.3130
      0.1250       0.1667       0.3104
      0.1250       0.2500       0.3248
      0.1250       0.3333       0.3395
      0.1250       0.4167       0.4357
      0.1250       0.5000       0.2825

      0.2500      -0.5000       0.5786
      0.2500      -0.4167       0.8810
      0.2500      -0.3333       0.6846
      0.2500      -0.2500       0.6562
      0.2500      -0.1667       0.6286
      0.2500      -0.0833       0.6342
      0.2500       0.0000       0.6198
      0.2500       0.0833       0.6342
      0.2500       0.1667       0.6286
      0.2500       0.2500       0.6562
      0.2500       0.3333       0.6846
      0.2500       0.4167       0.8810
      0.2500       0.5000       0.5786

      0.3750      -0.5000       0.9697
      0.3750      -0.4167       1.1800
      0.3750      -0.3333       1.1134
      0.3750      -0.2500       1.3283
      0.3750      -0.1667       1.0365
      0.3750      -0.0833       0.9185
      0.3750       0.0000       1.0195
      0.3750       0.0833       0.9185
      0.3750       0.1667       1.0365
      0.3750       0.2500       1.3283
      0.3750       0.3333       1.1134
      0.3750       0.4167       1.1800
      0.3750       0.5000       0.9697

      0.5000      -0.5000       0.8774
      0.5000      -0.4167       0.7558
      0.5000      -0.3333       0.5792
      0.5000      -0.2500       1.0588
      0.5000      -0.1667       0.5242
      0.5000      -0.0833       0.5266
      0.5000       0.0000       0.9869
      0.5000       0.0833       0.5266
      0.5000       0.1667       0.5242
      0.5000       0.2500       1.0588
      0.5000       0.3333       0.5792
      0.5000       0.4167       0.7558
      0.5000       0.5000       0.8774
