     -0.5000      -0.5000      -1.0000
     -0.5000      -0.4375      -1.0000
     -0.5000      -0.3750      -1.0000
     -0.5000      -0.3125      -1.0000
     -0.5000      -0.2500      -1.0000
     -0.5000      -0.1875      -1.0000
     -0.5000      -0.1250      -1.0000
     -0.5000      -0.0625      -1.0000
     -0.5000       0.0000      -1.0000
     -0.5000       0.0625      -1.0000
     -0.5000       0.1250      -1.0000
     -0.5000       0.1875      -1.0000
     -0.5000       0.2500      -1.0000
     -0.5000       0.3125      -1.0000
     -0.5000       0.3750      -1.0000
     -0.5000       0.4375      -1.0000
     -0.5000       0.5000      -1.0000
     
-0.4375      -0.5000      -1.0000
     -0.4375       0.5000      -1.0000

     -0.3750      -0.5000      -1.0000
     -0.3750       0.5000      -1.0000

     -0.3125      -0.5000      -1.0000
     -0.3125       0.5000      -1.0000

     -0.2500      -0.5000      -1.0000
     -0.2500       0.5000      -1.0000

     -0.1875      -0.5000      -1.0000
     -0.1875       0.5000      -1.0000

     -0.1250      -0.5000      -1.0000
     -0.1250       0.5000      -1.0000

     -0.0625      -0.5000      -1.0000
     -0.0625       0.5000      -1.0000

      0.0000      -0.5000      -1.0000
      0.0000       0.5000      -1.0000

      0.0625      -0.5000      -1.0000
      0.0625       0.5000      -1.0000

      0.1250      -0.5000      -1.0000
      0.1250       0.5000      -1.0000

      0.1875      -0.5000      -1.0000
      0.1875       0.5000      -1.0000

      0.2500      -0.5000      -1.0000
      0.2500       0.5000      -1.0000

      0.3125      -0.5000      -1.0000
      0.3125       0.5000      -1.0000

      0.3750      -0.5000      -1.0000
      0.3750       0.5000      -1.0000

      0.4375      -0.5000      -1.0000
      0.4375       0.5000      -1.0000

      0.5000      -0.5000      -1.0000
      0.5000      -0.4375      -1.0000
      0.5000      -0.3750      -1.0000
      0.5000      -0.3125      -1.0000
      0.5000      -0.2500      -1.0000
      0.5000      -0.1875      -1.0000
      0.5000      -0.1250      -1.0000
      0.5000      -0.0625      -1.0000
      0.5000       0.0000      -1.0000
      0.5000       0.0625      -1.0000
      0.5000       0.1250      -1.0000
      0.5000       0.1875      -1.0000
      0.5000       0.2500      -1.0000
      0.5000       0.3125      -1.0000
      0.5000       0.3750      -1.0000
      0.5000       0.4375      -1.0000
      0.5000       0.5000      -1.0000
