     -0.5000      -0.5000      -1.3072
     -0.5000      -0.4167      -1.3072
     -0.5000      -0.3333      -1.3072
     -0.5000      -0.2500      -1.3072
     -0.5000      -0.1667      -1.3072
     -0.5000      -0.0833      -1.3072
     -0.5000       0.0000      -1.3072
     -0.5000       0.0833      -1.3072
     -0.5000       0.1667      -1.3072
     -0.5000       0.2500      -1.3072
     -0.5000       0.3333      -1.3072
     -0.5000       0.4167      -1.3072
     -0.5000       0.5000      -1.3072
     
	-0.3750      -0.5000      -1.0227
     -0.3750      -0.4167      -1.0230
     -0.3750      -0.3333      -1.0227
     -0.3750      -0.2500      -1.0230
     -0.3750      -0.1667      -1.0227
     -0.3750      -0.0833      -1.0230
     -0.3750       0.0000      -1.0227
     -0.3750       0.0833      -1.0230
     -0.3750       0.1667      -1.0227
     -0.3750       0.2500      -1.0230
     -0.3750       0.3333      -1.0227
     -0.3750       0.4167      -1.0230
     -0.3750       0.5000      -1.0227

     -0.2500      -0.5000      -0.7024
     -0.2500      -0.4167      -0.7024
     -0.2500      -0.3333      -0.7024
     -0.2500      -0.2500      -0.7024
     -0.2500      -0.1667      -0.7024
     -0.2500      -0.0833      -0.7024
     -0.2500       0.0000      -0.7024
     -0.2500       0.0833      -0.7024
     -0.2500       0.1667      -0.7024
     -0.2500       0.2500      -0.7024
     -0.2500       0.3333      -0.7024
     -0.2500       0.4167      -0.7024
     -0.2500       0.5000      -0.7024

     -0.1250      -0.5000      -0.3575
     -0.1250      -0.4167      -0.3576
     -0.1250      -0.3333      -0.3575
     -0.1250      -0.2500      -0.3576
     -0.1250      -0.1667      -0.3575
     -0.1250      -0.0833      -0.3576
     -0.1250       0.0000      -0.3575
     -0.1250       0.0833      -0.3576
     -0.1250       0.1667      -0.3575
     -0.1250       0.2500      -0.3576
     -0.1250       0.3333      -0.3575
     -0.1250       0.4167      -0.3576
     -0.1250       0.5000      -0.3575

      0.0000      -0.5000       0.0000
      0.0000      -0.4167       0.0000
      0.0000      -0.3333       0.0000
      0.0000      -0.2500       0.0000
      0.0000      -0.1667       0.0000
      0.0000      -0.0833       0.0000
      0.0000       0.0000       0.0000
      0.0000       0.0833       0.0000
      0.0000       0.1667       0.0000
      0.0000       0.2500       0.0000
      0.0000       0.3333       0.0000
      0.0000       0.4167       0.0000
      0.0000       0.5000       0.0000

      0.1250      -0.5000       0.3575
      0.1250      -0.4167       0.3576
      0.1250      -0.3333       0.3575
      0.1250      -0.2500       0.3576
      0.1250      -0.1667       0.3575
      0.1250      -0.0833       0.3576
      0.1250       0.0000       0.3575
      0.1250       0.0833       0.3576
      0.1250       0.1667       0.3575
      0.1250       0.2500       0.3576
      0.1250       0.3333       0.3575
      0.1250       0.4167       0.3576
      0.1250       0.5000       0.3575

      0.2500      -0.5000       0.7024
      0.2500      -0.4167       0.7024
      0.2500      -0.3333       0.7024
      0.2500      -0.2500       0.7024
      0.2500      -0.1667       0.7024
      0.2500      -0.0833       0.7024
      0.2500       0.0000       0.7024
      0.2500       0.0833       0.7024
      0.2500       0.1667       0.7024
      0.2500       0.2500       0.7024
      0.2500       0.3333       0.7024
      0.2500       0.4167       0.7024
      0.2500       0.5000       0.7024

      0.3750      -0.5000       1.0227
      0.3750      -0.4167       1.0230
      0.3750      -0.3333       1.0227
      0.3750      -0.2500       1.0230
      0.3750      -0.1667       1.0227
      0.3750      -0.0833       1.0230
      0.3750       0.0000       1.0227
      0.3750       0.0833       1.0230
      0.3750       0.1667       1.0227
      0.3750       0.2500       1.0230
      0.3750       0.3333       1.0227
      0.3750       0.4167       1.0230
      0.3750       0.5000       1.0227

      0.5000      -0.5000       1.3072
      0.5000      -0.4167       1.3072
      0.5000      -0.3333       1.3072
      0.5000      -0.2500       1.3072
      0.5000      -0.1667       1.3072
      0.5000      -0.0833       1.3072
      0.5000       0.0000       1.3072
      0.5000       0.0833       1.3072
      0.5000       0.1667       1.3072
      0.5000       0.2500       1.3072
      0.5000       0.3333       1.3072
      0.5000       0.4167       1.3072
      0.5000       0.5000       1.3072
